1.000000000000000000e+00 1.000000000000000000e+00 1.000000000000000000e+00 1.000000000000000000e+00 1.000000000000000000e+00 1.000000000000000000e+00
-6.140938919737510560e+01 -7.574090704984280364e+01 -1.492547337108854038e+02 -6.163155339805803123e+01 -1.677030968782966536e+00 -7.335877466251299950e+01
-4.453500660501966735e+01 3.430295715147861024e+00 -2.085593731163386533e-01 -1.094316877152700052e+01 9.710327515015054090e+00 -2.599407646742060862e+01
-9.575116983209493071e+01 -1.572092151231903188e+02 -9.860255365389856763e+01 -9.451364275668076687e+01 -8.412710642740034217e+00 -1.033425383542539180e+02
-8.086795252225537922e+01 -9.951578947368419392e+01 -1.138663366336633942e+02 -1.081529411764705202e+02 -1.232265193370166543e+02 -3.737951388888887436e+02
1.000000000000000000e+00 1.000000000000000000e+00 1.000000000000000000e+00 1.000000000000000000e+00 1.000000000000000000e+00 1.000000000000000000e+00
-3.174655787863326850e+01 -1.844662998624486079e+02 -1.728125000000001705e+02 -2.410367626371566132e+02 -1.750826952526800540e+02 -2.176026011560697384e+02
-8.420833333333332860e+01 -2.405112781954888419e+02 -3.119672754946738991e+01 -5.528155339805822877e+01 -6.276190476190475209e+01 -2.098552631578948819e+02
-6.465346534653463095e+01 -8.599065420560745565e+01 -6.110628980891706874e+01 -9.817924528301892906e+01 -7.434123222748814896e+01 -1.614652014652015453e+02
-1.086265418970649677e+02 -1.931228765744613725e+02 -6.193354976159055525e+01 -1.367238863287245465e+02 -1.409626436781609016e+02 -1.420374999999997954e+02
1.000000000000000000e+00 1.000000000000000000e+00 1.000000000000000000e+00 1.000000000000000000e+00 1.000000000000000000e+00 1.000000000000000000e+00
-5.638820301783253086e+01 -1.303187183811129159e+02 -1.669430301148712488e+02 -1.488453947368420813e+02 -1.534586466165412730e+02 -1.274453125000000000e+02
-1.541390798519300915e+02 -1.609509126817881395e+02 -8.084038440296073702e+01 -1.599591343628534901e+02 -1.603024046001050920e+02 -1.804344283167813217e+02
-4.513095238095238670e+01 -6.546808510638302891e+01 -2.050617894216507864e+01 -1.189444444444444713e+02 -4.231249999999999289e+01 -1.751034482758620925e+02
-1.261845238095237391e+02 -1.985572998430139933e+02 -2.158536585365860105e+01 -1.517053941908713739e+02 -1.252555555555555600e+02 -1.294782608695652755e+02
1.000000000000000000e+00 1.000000000000000000e+00 1.000000000000000000e+00 1.000000000000000000e+00 1.000000000000000000e+00 1.000000000000000000e+00
1.602451090622891883e+01 1.827568181818180904e+01 1.624167225575677520e+01 1.827537212449259840e+01 9.281494741552917205e+00 2.000000000000000000e+01
1.244326098399239244e+00 -2.352179656538967123e+01 -2.145547945205479934e+01 -1.157263281380933790e+02 -4.045165562913904722e+01 -2.512907702984041691e+01
1.216896112910685801e+01 -1.004764370792335981e+01 6.504073206115374539e+00 8.765845070422523477e+00 -7.273545290941821229e+00 5.450058754406573058e+00
-1.311852789987392853e+00 -6.406079946254601509e+01 -6.957391601229079470e+01 -1.250759943567206420e+02 -7.205034013605420284e+01 -6.157577878893980028e+01
1.000000000000000000e+00 1.000000000000000000e+00 1.000000000000000000e+00 1.000000000000000000e+00 1.000000000000000000e+00 1.000000000000000000e+00
-1.551394950520182192e+02 -1.561083362807795822e+02 -1.571601899827283830e+02 -1.159688766836673466e+02 -1.613268976461255022e+02 -1.634911991561738205e+02
-6.253391209983709231e+00 -9.145886411889617307e+01 -1.085395645246942742e+01 5.717035994841126012e+00 -1.158185840707963621e+01 -1.825921849201983349e+01
-1.412109589041094182e+02 -1.513403196478120094e+02 -1.392952586206897934e+02 -3.849879129734093652e+01 -1.870788770053476355e+02 -1.465478199718706094e+02
-1.681481481481481524e+02 -2.498866396761136457e+02 -1.738189655172414803e+02 -6.916898251904969186e+01 -3.845812807881771960e+02 -4.007730061349695916e+02
1.000000000000000000e+00 1.000000000000000000e+00 1.000000000000000000e+00 1.000000000000000000e+00 1.000000000000000000e+00 1.000000000000000000e+00
-7.237724550898202835e+01 -1.801315789473684674e+02 -6.630434782608699606e+01 -5.564622744074781480e+01 -7.294270833333332860e+01 -1.898122448979591184e+02
-1.454875176636838319e+01 -1.717875751503003414e+02 -1.384465843621403565e+02 -9.784895833333338544e+01 -9.997089947089963857e+01 -1.299381188118811963e+02
-4.531552204556637875e+00 -6.290869565217390402e+01 -6.817906193314323104e+01 -1.420238095238097742e+02 -8.148577680525166045e+01 -6.585809312638573942e+01
-1.902502567735079140e+02 -1.299078200087375023e+02 -1.285261958997719489e+02 -6.148909646622436753e+01 -1.488282016956717086e+02 -1.352164948453610407e+02
1.000000000000000000e+00 1.000000000000000000e+00 1.000000000000000000e+00 1.000000000000000000e+00 1.000000000000000000e+00 1.000000000000000000e+00
-1.591864056033118118e+02 -1.607207570125043219e+02 -1.606720344387755404e+02 -1.166289642713767591e+02 -1.680774846523973451e+02 -1.671298028733714318e+02
-7.675771044992728775e+01 -1.632213320592020125e+02 -1.559885506115024612e+02 -1.556215864759428769e+02 -1.690394502417916840e+02 -1.657695292291777776e+02
-2.267961630695447184e+01 -2.379795321637429311e+02 -1.082388059701491443e+02 -4.521604938271603658e+01 -2.123294117647060943e+02 -5.027218934911240922e+01
-2.861674557687509335e+01 -4.391823899371069473e+01 -8.017521367521371189e+01 -4.617105263157892381e+01 -2.001120689655174090e+02 -5.081481481481480955e+01
1.000000000000000000e+00 1.000000000000000000e+00 1.000000000000000000e+00 1.000000000000000000e+00 1.000000000000000000e+00 1.000000000000000000e+00
1.425488826815642796e+01 1.618593693367160924e+01 1.616524520255859798e+01 1.826390505337863956e+01 7.154757755315447554e+00 7.416545718432495882e+00
-5.399999999999996447e+01 -2.232821782178215813e+02 -8.495652173913042304e+01 -1.816806181584027868e+01 -2.962709677419356922e+02 -8.861666666666666003e+01
1.004868015083997435e+01 -1.016284403669725478e+01 -1.110678210678211109e+01 -1.060000000000001208e+01 -4.071979434447301038e+00 -3.132992327365728968e+00
-2.030680728667331625e+00 -3.866029900332224400e+01 -2.127848326081174690e+01 -6.604518178609249901e+01 -4.261806208842904198e+01 -3.359140767824498397e+01
1.000000000000000000e+00 1.000000000000000000e+00 1.000000000000000000e+00 1.000000000000000000e+00 1.000000000000000000e+00 1.000000000000000000e+00
-7.924669479606164657e+01 -1.495728133998629232e+02 -1.450931299970388864e+02 -1.439276184860314345e+02 -1.555603675529111172e+02 -1.602646158332117636e+02
-9.073711340206184417e+00 -1.512180094786729967e+02 -1.069636363636362972e+02 -1.176305278174035891e+02 -2.414291187739460156e+02 -8.264406779661018732e+01
-1.409477434679344867e+02 -1.449651764705882897e+02 -1.426221804511272069e+02 -1.609389384687645475e+02 -1.521100000000002694e+02 -1.505768274490303895e+02
-9.101388888888882889e+01 -7.751079136690650273e+01 -1.200278067431350770e+01 -3.832520325203253009e+01 -3.274193548387097508e+01 -1.089574468085107384e+02
1.000000000000000000e+00 1.000000000000000000e+00 1.000000000000000000e+00 1.000000000000000000e+00 1.000000000000000000e+00 1.000000000000000000e+00
-1.164291586736093542e+01 -1.178235788294595352e+02 -8.841924398625437220e+01 -9.794423791821567704e+01 -1.685764075067023100e+02 -1.705258620689656368e+02
-4.360165148063755680e+01 -1.347045685279189229e+02 -1.324712195121949776e+02 -1.438800689887276292e+02 -1.513248282630027290e+02 -1.671366405570056202e+02
-7.772123998114025767e+01 -1.483218268720126503e+02 -1.299701414353064308e+02 -1.486737347880243192e+02 -1.408722365038562430e+02 -1.408207621550586452e+02
-1.209572066776395616e+02 -1.843145067698256980e+02 -1.858156754627805185e+02 -1.869373809367397712e+02 -1.945646551724133815e+02 -2.011814126394047264e+02
1.000000000000000000e+00 1.000000000000000000e+00 1.000000000000000000e+00 1.000000000000000000e+00 1.000000000000000000e+00 1.000000000000000000e+00
-8.074303195105375153e+01 -2.507771428571428487e+02 -1.105989847715735692e+02 -1.337951219512194996e+02 -2.011938325991190197e+02 -2.426832740213521902e+02
-1.325571955719558161e+02 -1.788808864265927525e+02 -1.256155518394648993e+02 -1.531568627450979818e+02 -2.154215116279072504e+02 -2.049751693002255877e+02
-7.598093220338971321e+01 -4.633074935400520644e+01 -1.044394904458598106e+01 -4.207580625966907206e+01 -1.862545757071546859e+02 -6.454965357967678585e+01
-2.337887596899222942e+01 -1.517312576812782368e+02 -1.272526690391458573e+02 -1.677438016528926710e+02 -1.714811594202898561e+02 -1.465526315789473131e+02
1.000000000000000000e+00 1.000000000000000000e+00 1.000000000000000000e+00 1.000000000000000000e+00 1.000000000000000000e+00 1.000000000000000000e+00
-1.313725490196078383e+01 -8.061904761904763461e+01 -9.011899515204982336e+00 -5.215517241379306768e+01 -7.599099099099100840e+01 -4.072631578947368780e+01
1.103172690763052621e+01 1.299661160525200643e+01 1.617694040548837364e+01 1.413886536833190810e+01 5.252794496990546236e+00 5.378310214375786380e+00
-5.397435897435895669e+01 -9.232644628099174611e+01 -2.586814292903830137e-01 -7.297917942437224781e+01 -6.036249999999996874e+01 -4.496503496503495256e+01
-2.131578947368420529e+01 -1.788783068783066312e+02 6.071543667418635160e+00 -7.469859154929575595e+01 -2.527215189873415824e+01 -2.357777777777777928e+01
1.000000000000000000e+00 1.000000000000000000e+00 1.000000000000000000e+00 1.000000000000000000e+00 1.000000000000000000e+00 1.000000000000000000e+00
-1.056809815950918647e+02 -1.112619542619545143e+02 -1.063333333333329165e+02 -1.035353934392647943e+02 -1.166448087431691931e+02 -1.110095307917888050e+02
-1.672237343494831308e+01 -5.121739130434778531e+01 -3.198000000000001108e+01 -7.924431818181815856e+01 -5.278787878787882448e+01 -4.040601503759398128e+01
-1.614442958543368150e+02 -1.552559726962458058e+02 -1.324215328467154791e+02 -3.026054138469541499e+01 -1.409433272394880703e+02 -1.446584440227704249e+02
-5.375157232704400911e+01 -1.828014184397164854e+01 -6.822712171549361493e+00 -1.955967078189302910e+01 -3.915286624203822896e+01 -7.006529209621999144e+01
1.000000000000000000e+00 1.000000000000000000e+00 1.000000000000000000e+00 1.000000000000000000e+00 1.000000000000000000e+00 1.000000000000000000e+00
-2.417135549872125466e+01 -1.237297365754813683e+02 -1.778994726555258366e+00 -3.192995780590718624e+01 -2.870843570843570447e+01 -6.681900081900103316e+01
-5.030514705882350057e+01 -8.332716049382727874e+01 3.785418583256664249e+00 -1.136964285714288962e+02 -1.475014836795251938e+02 -9.191666666666675667e+01
-4.838022051453388173e+01 -1.562442231824160785e+02 -8.125402726146221255e+01 -8.509689922480630742e+01 -9.719240837696331425e+01 -9.115782828282834771e+01
-1.069035004730365586e+02 -1.871174484539811544e+02 -1.847500878734621210e+02 -1.830615226864907470e+02 -2.122155511811024269e+02 -1.914814314652261942e+02
1.000000000000000000e+00 1.000000000000000000e+00 1.000000000000000000e+00 1.000000000000000000e+00 1.000000000000000000e+00 1.000000000000000000e+00
-1.451791044776119861e+02 -1.755128205128205252e+02 -1.670838959739930658e+02 -7.871467077397009859e+01 -2.424635761589402989e+02 -2.206804347826088133e+02
-1.072255397335784011e+02 -4.039064687762532202e+01 -1.412358342854712703e+02 -1.022349624060151854e+02 -1.240941730429663608e+02 -1.262828040742961804e+02
-1.963157894736840436e+00 -7.246742857142868388e+01 -7.738645418326699144e+01 -5.669003690036896614e+01 -4.263513513513513686e+01 -6.415102040816319118e+01
-1.938792165397167722e+01 -1.541622145328726390e+02 -1.232906178489702711e+02 -1.160000000000000711e+02 -1.512150537634408636e+02 -1.444065708418892768e+02
1.000000000000000000e+00 1.000000000000000000e+00 1.000000000000000000e+00 1.000000000000000000e+00 1.000000000000000000e+00 1.000000000000000000e+00
-3.855696202531644445e+01 -4.129166666666667140e+01 -1.963450834879403928e+01 -3.462307692307689422e+01 -3.426937269372694317e+01 -5.464646464646462931e+01
1.372626931567326025e+01 1.511522462562393976e+01 1.828228936883328259e+01 1.411498708010335967e+01 6.596951735817111917e+00 7.071370967741934521e+00
-2.179675692695220945e+01 -4.005769230769232792e+01 -2.893548387096775798e+01 -2.923886639676117838e+01 -5.874679487179484738e+01 -5.233458646616545451e+01
-1.320000000000001394e+00 -2.266025641025639814e+01 7.210992907801421659e+00 -4.438709677419335975e+00 -1.452464788732392442e+01 -1.035161290322581493e+02
1.000000000000000000e+00 1.000000000000000000e+00 1.000000000000000000e+00 1.000000000000000000e+00 1.000000000000000000e+00 1.000000000000000000e+00
-1.777916160388803632e+02 -1.672301963439405483e+02 -1.891162931556634703e+02 -6.282328707718988881e+01 -1.963749274521184134e+02 -1.726608974358972262e+02
-1.456951219512195621e+02 -2.033240740740741330e+02 -1.004861111111111853e+02 -1.820211081794190022e+01 -2.499269662921350346e+02 -4.012987012987013458e+01
-2.038434504792332405e+02 -1.344119601328903002e+02 -1.524577777777777783e+02 -1.235394021739126771e+02 -3.241495016611295341e+02 -1.425903614457831736e+02
-9.695783132530106485e+00 -1.198821339950369946e+01 -6.484890371782643115e+01 -1.008363201911592277e+01 -1.056275343685121326e+00 -1.580728844966025015e+01
1.000000000000000000e+00 1.000000000000000000e+00 1.000000000000000000e+00 1.000000000000000000e+00 1.000000000000000000e+00 1.000000000000000000e+00
-6.644882860665834556e+00 -8.903440621531666821e+00 -2.370417124039512657e+01 -9.524666279744634423e+00 -1.731133962397318315e+00 -1.426312718786464551e+01
-4.347720478325860682e+01 -1.288903298036105127e+02 -4.195547945205480289e+01 -4.763002364066193195e+01 4.867785481427032934e+00 -5.155987311657423078e+01
-1.272003484320555771e+02 -1.559417777777773892e+02 -1.768678647511879944e+02 -2.939595602669803753e+01 -1.678594771241829449e+02 -1.399288849868306386e+02
-1.920426287744227238e+02 -2.050071371927042492e+02 -1.962583455463282576e+02 -1.315439330543928236e+02 -1.944426229508199242e+02 -1.977332139659802976e+02
1.000000000000000000e+00 1.000000000000000000e+00 1.000000000000000000e+00 1.000000000000000000e+00 1.000000000000000000e+00 1.000000000000000000e+00
-1.171418479690384800e+02 -1.619106511787429952e+02 -1.591382400322193575e+02 -1.544920350011222752e+02 -1.663767300551359369e+02 -1.689628306730664349e+02
-1.170610578169564064e+02 -1.471640387107022434e+02 -1.469410876977245834e+02 -1.470779368973584553e+02 -1.548240477708848744e+02 -1.568952921612468856e+02
-2.830856494611458274e+01 -7.997058823529417282e+01 -4.244910179640720571e+01 -1.057417582417582054e+02 -1.261306818181817846e+02 -5.358865248226950939e+01
-1.473704103671705070e+02 -1.506283870967745031e+02 -1.559889753935333658e+02 -5.584754521963818519e+01 -1.497686472819215453e+02 -2.012887828162291726e+02
1.000000000000000000e+00 1.000000000000000000e+00 1.000000000000000000e+00 1.000000000000000000e+00 1.000000000000000000e+00 1.000000000000000000e+00
1.502958447263429864e+00 -1.160944559813725760e+02 -3.630932030932009269e+01 -5.129940784603998338e+01 -5.378909245845758846e+01 -3.496844872918500613e+01
1.592490886998783672e+01 1.768765016818840508e+01 1.822507331378295703e+01 1.621233894945496701e+01 9.235483870967716058e+00 2.000000000000000000e+01
1.144265232974900570e+00 -1.639947643979061453e+01 -9.905245460659008927e+01 -1.367669584245081005e+01 -4.247596407818276276e+01 -4.117993079584764615e+01
9.766362711089881188e+00 2.420020639834878473e+00 -6.437917860553985072e+00 8.178896625602559700e-01 -9.676084762865794886e+00 -4.345713269299184134e+01
1.000000000000000000e+00 1.000000000000000000e+00 1.000000000000000000e+00 1.000000000000000000e+00 1.000000000000000000e+00 1.000000000000000000e+00
-1.396861330851558876e+02 -6.538356750865961242e-01 -2.785562444641272961e+01 -4.089715189873412271e+01 -5.462569389373516771e+01 -3.330971128608923237e+01
-3.470270270270275148e+01 -2.691287128712870924e+01 -1.576142525174290832e+01 -6.827777777777787094e+01 -2.770535714285711038e+01 -6.395532646048109626e+01
-3.000724637681151563e+01 -2.005559185593691396e+01 -2.615831663326654066e+01 -5.344665012406940008e+01 -4.481846932321298027e+01 -3.439920687376073971e+01
-1.592328482328483119e+02 -1.713670886075950648e+02 -3.955597084657072315e+01 -1.863676696102783978e+02 -2.081864919354840708e+02 -1.732772486772485365e+02
1.000000000000000000e+00 1.000000000000000000e+00 1.000000000000000000e+00 1.000000000000000000e+00 1.000000000000000000e+00 1.000000000000000000e+00
-3.443265148591284230e+01 -4.388714733542325064e+01 -4.525170068027212977e+01 -3.885294117647060119e+01 -7.268404907975461526e+01 -4.990657439446365373e+01
-1.391618641053007366e+02 -4.123677248677245899e+01 -1.367802503477052056e+01 -4.119034406215318711e+01 -8.146977329974811255e+01 -6.117842876165104116e+01
-4.667991181296034853e+00 -1.619062697910067783e+01 -1.060958466453674376e+01 -2.758121190390822619e+01 -2.628958718422678231e+01 -1.897209892200381631e+01
-5.277563520871114378e+01 -1.812998379254456438e+02 -1.750598896769110695e+02 -1.923901995697017355e+02 -1.803787128712872629e+02 -1.924830718414531816e+02
1.000000000000000000e+00 1.000000000000000000e+00 1.000000000000000000e+00 1.000000000000000000e+00 1.000000000000000000e+00 1.000000000000000000e+00
-7.668221003134766534e+01 -1.494453248811411470e+02 -1.356360655737701961e+02 -1.897888715548619700e+02 -1.890042796005706407e+02 -1.402099697885196576e+02
-1.281661442006269453e+02 -9.632878111040210456e+01 -1.307940691927511239e+02 -1.168484848484847731e+02 -2.075245398773006684e+02 -1.525126760563379946e+02
-1.233266210229558801e+01 -2.345104895104894283e+01 -2.377850162866450745e+01 -2.049140893470790559e+01 -7.154248366013071347e+01 -8.455585831062676050e+01
-1.295979020979020220e+02 -1.122442748091602596e+02 -2.058672480620155909e+01 -1.297619479048699702e+02 -1.210873015873016953e+02 -1.280035587188611146e+02
1.000000000000000000e+00 1.000000000000000000e+00 1.000000000000000000e+00 1.000000000000000000e+00 1.000000000000000000e+00 1.000000000000000000e+00
1.001850949829517567e+01 1.827315699288995532e+01 1.345077220077218527e+01 1.255341586428244050e+01 6.834722903384011339e+00 4.121822541966433384e+00
2.858321027555642324e+00 -2.004158004158001383e+00 -1.986722571628238398e+00 -6.733287388008275531e-01 -1.641876274643097489e+01 -1.338282899366646461e+01
1.428603340506194286e+01 8.912046908315554461e+00 9.831344058121429086e+00 1.207625383828045251e+01 -1.050000000000028272e-01 3.248208802456499011e+00
-3.849483775811224717e+01 -7.181759794476552550e+00 5.577173624036163346e+00 -2.423995271867615742e+01 -2.333881578947366364e+01 -1.001804705124074779e+01
1.000000000000000000e+00 1.000000000000000000e+00 1.000000000000000000e+00 1.000000000000000000e+00 1.000000000000000000e+00 1.000000000000000000e+00
-7.301693989071041813e+01 -1.414709526431714437e+02 -8.079518072289147312e+01 -7.329850518608910903e+00 -8.040345199568504597e+01 -8.253737043098735171e+01
-4.677360139860135035e+01 3.458653378706855630e+00 -1.369736263736258195e+02 -5.545227177990829404e+01 -5.104100529100534089e+01 -5.272500000000000142e+01
-1.989880478087650317e+01 -3.109991809991818457e+01 -2.013617376775273726e+01 -1.567876408330469218e+01 -4.591444713478609430e+01 -3.576495366470089721e+01
-1.175385585051166544e+02 -1.336814814814814270e+02 -1.780853462157809304e+02 -1.315972696245733573e+02 -1.906430921052629515e+02 -1.287157894736844526e+02
1.000000000000000000e+00 1.000000000000000000e+00 1.000000000000000000e+00 1.000000000000000000e+00 1.000000000000000000e+00 1.000000000000000000e+00
-1.415891472868216852e+02 -3.866462917685414169e+01 -5.303092783505153562e+01 -5.345454545454548878e+01 -1.706283783783783861e+02 -1.417043478260870586e+02
-1.575689750692519553e+01 -2.951111111111110574e+01 -2.502362204724409267e+01 -3.754084507042257002e+01 -6.061737089201870532e+01 -1.542758620689655231e+02
-7.394285714285729227e+01 -1.059736659736661224e+01 -2.178165137614685776e+01 -2.643100329822303696e+00 -1.962624254473159624e+01 -1.973834196891191439e+01
-5.626700949367082671e+01 -2.005275292498288593e+02 -1.766300000000000807e+02 -1.803106416275431059e+02 -1.859393442622952364e+02 -2.019754163362407269e+02
1.000000000000000000e+00 1.000000000000000000e+00 1.000000000000000000e+00 1.000000000000000000e+00 1.000000000000000000e+00 1.000000000000000000e+00
-1.465075921908895680e+02 -1.365372932838346571e+02 -1.464821428571429180e+02 -1.455984654731457795e+02 -1.467255434782607608e+02 -2.005948103792412383e+02
-2.959516298633025144e+01 -1.640955469087761003e+02 -1.053574218749999005e+02 -8.826494023904392350e+01 -1.110706638115632217e+02 -1.149783037475345395e+02
-9.019908116385904862e+01 -6.460205831903951434e+01 -9.061165048543665534e+01 -1.203248908296939845e+01 -8.821280000000007249e+01 -7.068561872909694443e+01
-1.290458263014411244e+01 -1.016573913043478541e+02 -1.806778647980215737e+02 -8.346280991735535792e+01 -1.857743589743591883e+02 -1.112302771855010519e+02
1.000000000000000000e+00 1.000000000000000000e+00 1.000000000000000000e+00 1.000000000000000000e+00 1.000000000000000000e+00 1.000000000000000000e+00
1.155626496408621939e+01 1.625270264307460621e+01 1.404098573281451756e+01 1.600353535353524492e+01 1.987019730010389784e+00 5.201871657754011835e+00
-4.050746268656720162e+01 -2.825766871165647487e+01 -1.518237885462557699e+02 2.124794295117933718e+00 -9.310798122065732230e+01 -3.535403726708074146e+01
1.140148698884758716e+01 6.366541353383453838e+00 7.349816849816849462e+00 1.203564280215548798e+01 1.160148975791434278e+00 8.957055214723936842e-01
7.743297007438190604e+00 -1.346809210526310530e+01 -2.390932149651236571e+00 2.052512886597936514e+00 -9.187086092715238905e+00 -4.359946773120420005e+00
1.000000000000000000e+00 1.000000000000000000e+00 1.000000000000000000e+00 1.000000000000000000e+00 1.000000000000000000e+00 1.000000000000000000e+00
-5.409070324406706476e+01 -1.431328367473612957e+02 -1.433898835607863305e+02 -1.505820757453837757e+02 -1.484178048174814535e+02 -1.509108478803001105e+02
-2.535507401845085607e+00 -4.290566037735850813e+01 -6.062288135593221483e+01 -2.168762306610408643e+02 -1.438999999999998920e+02 -8.941363636363634271e+01
-2.586974228057369274e+01 -1.542341277248879123e+02 -1.256771351972423645e+02 -1.258398576512453531e+02 -1.318756019261632844e+02 -1.414030197444829184e+02
-5.891246056782322427e+01 -1.446036036036035632e+01 -4.393271461716937054e+00 -4.071865492393914820e+01 -5.217434507678402866e+01 -4.182735849056599164e+01
1.000000000000000000e+00 1.000000000000000000e+00 1.000000000000000000e+00 1.000000000000000000e+00 1.000000000000000000e+00 1.000000000000000000e+00
-1.138736363636363791e+02 -2.203435114503818326e+01 -5.605922279998401869e+00 -3.257528957528957392e+01 -3.008233117483808172e+01 -3.653435804701630474e+01
-1.467111132474520616e+02 -9.947860538827281118e+01 -8.106939322829369132e+00 -1.017003105590061693e+02 -1.113833819241981047e+02 -1.393522012578615943e+02
-1.318761877339476314e+02 -9.249921323233439807e+01 -3.080892636774989057e+01 -9.279699248120294897e+01 -1.273255303584494698e+02 -9.789737654320983040e+01
-3.819098992294014749e+01 -1.679723467862481243e+02 -1.595788655788655603e+02 -1.860372507458003497e+02 -1.684206948640481869e+02 -1.597045112781954117e+02
1.000000000000000000e+00 1.000000000000000000e+00 1.000000000000000000e+00 1.000000000000000000e+00 1.000000000000000000e+00 1.000000000000000000e+00
-7.797376409366927419e+01 -9.239942528735636529e+01 -8.999714285714276230e+01 -1.522445887445887536e+02 -1.548520710059174803e+02 -1.048498659517426290e+02
-1.456510681586978251e+02 -1.693782009192380542e+02 -1.343114732893540406e+02 -1.528106653620350528e+02 -1.468488678251712543e+02 -1.460077800829876367e+02
-9.491780821917805611e+01 -1.520779220779222385e+02 -6.755074053757527786e+00 -4.852849740932641964e+01 -6.748026315789466878e+01 -5.626946107784429785e+01
-5.182743292586123829e+01 -7.360617760617763849e+01 -6.820754716981136312e+01 -6.177651515151509187e+01 -7.782042253521130704e+01 -1.374133333333332985e+02
1.000000000000000000e+00 1.000000000000000000e+00 1.000000000000000000e+00 1.000000000000000000e+00 1.000000000000000000e+00 1.000000000000000000e+00
9.928860952828513220e+00 -8.263606247042119435e+00 4.713297083539307764e+00 2.021759697256384047e+00 -2.237998989388579663e+00 -1.728971962616825842e+00
8.599085999169076899e+00 1.411856591059905774e+01 1.329140722291406895e+01 1.223294509151413223e+01 3.161676646706589544e+00 2.606727574750828946e+00
7.409142974023291472e+00 -4.601259181531987430e+00 2.389336016096581528e+00 2.035912999494188025e+00 -4.023388773388771433e+00 -4.431658562938944890e+00
-2.403846153846156852e+01 3.640614334470990254e+00 -1.674999999999996270e+00 -8.820312499999996447e+00 -2.324107142857144126e+01 -1.392645161290323585e+02
1.000000000000000000e+00 1.000000000000000000e+00 1.000000000000000000e+00 1.000000000000000000e+00 1.000000000000000000e+00 1.000000000000000000e+00
-9.838391699092093745e+01 -8.618850535233855226e+01 -1.529539450196354835e+02 -1.147121820615795968e+02 -1.080739299610896040e+02 -1.265552560646900275e+02
-1.728478877041431971e+01 -3.435403726708073435e+01 -3.212056737588653732e+01 -2.119999999999999929e+01 -6.973088685015297017e+01 -1.142382271468143529e+02
-1.553526579352849524e+02 -1.485412864455819886e+02 -1.592564192542524211e+02 -6.951709245296883921e+01 -1.656099999999998431e+02 -1.601594865100086338e+02
-5.883009298393914577e+01 -5.144467213114747750e+00 -2.261087001446577371e+00 -1.336253776435044927e+01 -1.696134282807732774e+01 -1.973359451518117424e+01
1.000000000000000000e+00 1.000000000000000000e+00 1.000000000000000000e+00 1.000000000000000000e+00 1.000000000000000000e+00 1.000000000000000000e+00
-9.035542747358306315e+00 -4.680479106907483811e+00 -7.485053037608503601e+00 -1.388844221105526877e+01 -1.578685258964143046e+01 -6.855460750853232810e+01
-7.335451080050815698e+00 -5.069070904645492703e+00 1.046388967505198775e-01 -7.673844205193193879e+00 -2.836870830806546451e+01 -1.149541884816753168e+01
-1.079136507936504152e+01 -5.305561993047501801e+01 -5.590377113133937570e+01 -1.285750745156479127e+02 -7.009764309764310042e+01 -1.358862876254181060e+02
-1.292612612612613248e+02 -1.901706234745949189e+02 -1.248425925925926663e+02 -2.001227897838889547e+01 -1.498410958904110259e+02 -1.311964285714286689e+02
1.000000000000000000e+00 1.000000000000000000e+00 1.000000000000000000e+00 1.000000000000000000e+00 1.000000000000000000e+00 1.000000000000000000e+00
-2.372064220183488885e+02 -1.648016528925619184e+02 -2.030042408821041988e+02 -7.539732888146896528e+01 -1.770562913907284042e+02 -1.675591836734695335e+02
-1.270287555775906441e+02 -1.476973739057939099e+02 -2.883835708782739005e+01 -1.939515129420340145e+02 -1.463629629629631381e+02 -1.354544997486173088e+02
-9.507751318523200990e-01 -1.177846790890268913e+01 -1.682275711159737597e+01 -2.575799086757992029e+01 -4.961205273069676736e+01 -4.419758064516128826e+01
-4.131662688941917239e+00 -2.305423728813557815e+01 -1.194506258692628222e+02 -1.575202156334231418e+01 -4.224698795180722755e+01 -2.658032786885246068e+01
1.000000000000000000e+00 1.000000000000000000e+00 1.000000000000000000e+00 1.000000000000000000e+00 1.000000000000000000e+00 1.000000000000000000e+00
5.983794089609148159e+00 -1.029836381135709189e+00 2.863550519357881630e+00 7.312322837661850983e+00 -1.015271170313986460e+01 -4.021989005497266234e+00
-2.575757575757570805e+00 1.315981735159817667e+01 1.612071167883215139e+01 8.822269807280509468e+00 1.449664429530202137e+00 -2.280746561886052604e+01
-1.252752752752741783e+00 -4.592127521145093993e+01 -1.778869778869769380e+00 5.986022274445715219e+00 -1.133763014377790235e+01 -1.014689550731953283e+01
1.338017492711370338e+01 4.911463495209781094e+00 -7.647058823529480076e-01 -7.520618556701028190e+00 -1.370879120879117785e+01 -1.782995594713656544e+02
1.000000000000000000e+00 1.000000000000000000e+00 1.000000000000000000e+00 1.000000000000000000e+00 1.000000000000000000e+00 1.000000000000000000e+00
-1.803764082173624388e+02 -1.706716718650826294e+02 -2.121917219836000186e+02 -1.731387137452709624e+02 -1.891187919463083915e+02 -1.930870459218639610e+02
-9.687878787878783271e+01 -1.256918604651163633e+02 -1.346172398392139371e+02 -1.066813671444322331e+01 -1.225810055865921839e+02 -1.161974522292994152e+02
-1.551386659979937406e+02 -1.600723161033797624e+02 -1.554915590863953980e+02 -1.542096506993035234e+02 -1.721766215585623456e+02 -1.690200195312499716e+02
-4.095427435387679793e+01 3.866188913311748021e-02 -4.287272727272738670e+00 -7.464872944693587975e+00 -1.886129266521425762e+01 -1.368488990129079852e+01
1.000000000000000000e+00 1.000000000000000000e+00 1.000000000000000000e+00 1.000000000000000000e+00 1.000000000000000000e+00 1.000000000000000000e+00
-2.817802503477057030e+01 -1.963507517054096763e+00 -1.471757972199507947e+02 -2.665735294117648380e+01 -5.728409090909091361e+01 -3.537063953488377166e+01
-1.544122965641950707e+01 -4.309356462788990205e-01 -3.931273644388405319e+00 -5.474169741697394898e+00 -1.643023970497848651e+01 -1.567280813214734358e+01
-1.406056971514244367e+02 -4.269978572234129643e+01 -8.360532687651337369e+01 -7.126415094339628808e+01 -6.925668449197861776e+01 -6.795518207282913181e+01
-1.492485287936107170e+02 -1.528936781609195634e+02 -1.594558823529410461e+02 -1.516955445544553527e+02 -1.775945205479452511e+02 -1.528058968058968503e+02
1.000000000000000000e+00 1.000000000000000000e+00 1.000000000000000000e+00 1.000000000000000000e+00 1.000000000000000000e+00 1.000000000000000000e+00
-8.648305400372451857e+01 -1.257531558879052085e+02 -1.317099113618051547e+02 -1.816091431306842026e+02 -1.399125000000000227e+02 -1.503250201126307104e+02
-2.126266866566693636e+01 -1.471598785871956352e+02 -9.150356052899314818e+01 -8.349224612306160509e+01 -1.190936473165390623e+02 -8.253936348408731760e+01
-1.258898071625345381e+02 -5.585855072463768067e+01 -3.708181818181821399e+01 -1.068311688311682550e+00 -2.605426356589143779e+02 -4.404845814977972651e+01
-8.361870503597123161e+01 -1.664313288789902856e+02 -1.059774011299435159e+02 -1.143285072391413237e+01 -8.856551724137935366e+01 -1.918774193548384233e+02
1.000000000000000000e+00 1.000000000000000000e+00 1.000000000000000000e+00 1.000000000000000000e+00 1.000000000000000000e+00 1.000000000000000000e+00
-1.695177434030937347e+00 -2.664285714285716011e+01 1.038350910834130891e+00 5.381200949739957551e+00 -1.029681361850717636e+01 -7.488178025034798679e+00
1.181440309328179517e+01 1.824796755854776720e+01 1.148868398994132178e+01 1.361853245531516343e+01 6.524663677130028816e+00 6.800766283524892764e+00
-1.345911949685531184e+00 -2.148598912588875010e+01 -6.100964265456592095e+00 4.338371847011002203e+00 -9.233928571428554832e+00 -1.000563380281688808e+01
1.160806940879505333e+01 4.114610221992767158e+00 6.033648790746591217e+00 6.002141327623122358e+00 -1.242503945291948853e+00 -8.692853522554488066e+00
1.000000000000000000e+00 1.000000000000000000e+00 1.000000000000000000e+00 1.000000000000000000e+00 1.000000000000000000e+00 1.000000000000000000e+00
-1.071603773584903934e+02 -1.841256916996045447e+02 -7.502242906807178713e+01 -9.818421052631580892e+01 -1.164455445544553243e+02 -1.224176904176907215e+02
-1.085544005544003738e+02 1.111499920470811587e+00 -4.217869415807560785e+01 -2.946096654275095972e+01 -3.718456375838927386e+01 -5.162931034482759429e+01
-1.630197268588772204e+02 -7.741925837320556170e+00 -7.236339522546414571e+01 -6.601123595505617914e+01 -1.125038363171353666e+02 -1.098711217183771396e+02
-1.606365688487583725e+02 -1.032352941176470011e+02 -2.216753343239212271e+01 -1.308409893992931643e+02 -1.185386138613860822e+02 -1.982387791741471688e+02
1.000000000000000000e+00 1.000000000000000000e+00 1.000000000000000000e+00 1.000000000000000000e+00 1.000000000000000000e+00 1.000000000000000000e+00
-1.550048575844557206e+02 -7.927703703703707561e+01 -1.374046252532070156e+01 -6.153231292516998252e+01 -1.099496951219511800e+02 -6.463246554364468466e+01
-9.328092783505161378e+01 -1.021855266190365512e+02 -7.946586826347349586e+00 -7.932000000000000739e+01 -8.471130952380950419e+01 -8.767282321899737951e+01
-1.672468049719905991e+01 -6.636607142857148744e+01 -3.874759249873294920e+01 -1.030253476500617040e+02 -4.047368421052630083e+01 -4.525780124819983996e+01
-5.647057546145505569e+01 -6.736742192284155806e+01 -6.018229777256756563e+01 -8.142905027932938822e+01 -7.250741839762625318e+01 -6.489781453041950954e+01
1.000000000000000000e+00 1.000000000000000000e+00 1.000000000000000000e+00 1.000000000000000000e+00 1.000000000000000000e+00 1.000000000000000000e+00
-5.615997553972111689e+01 -1.246643297812676110e+02 -1.229020779960149952e+02 -1.650702191421588623e+02 -1.304920081371694778e+02 -1.302970325554593671e+02
-1.940633785450060032e+02 -3.903239898070611957e+01 -1.310826771653541698e+02 -1.573874999999998749e+02 -3.812400000000002365e+02 -1.606590163934426698e+02
-1.247388167388167517e+02 -4.499826086956522886e+01 -4.282262672434892892e+00 -2.507984031936128133e+01 -3.938447653429600592e+01 -3.241257367387032673e+01
-1.357294117647058727e+02 -8.644329896907224509e+01 -9.569593147751582762e+00 -1.363914893617020994e+02 -7.180000000000001137e+01 -6.822910216718260301e+01
1.000000000000000000e+00 1.000000000000000000e+00 1.000000000000000000e+00 1.000000000000000000e+00 1.000000000000000000e+00 1.000000000000000000e+00
-8.878378378378386060e+00 1.596396049144778750e+01 1.152271748914026439e+01 9.672975814931646710e+00 -5.769744160177967096e+00 -6.360619469026520534e-01
-7.094099458902309152e+01 -7.149169317780128985e+00 7.420511250573995632e+00 -1.149950380416806084e+01 -1.180952380952378178e+01 -1.103594659363234243e+01
1.636381708179467154e+01 1.223147228293265520e+01 1.204473276529822989e+01 1.432967678746325468e+01 5.327744199649043111e+00 5.351851851851874287e+00
-6.787069767441859369e+01 3.557786370969799439e+00 -4.566588785046761245e+00 -1.719911012235816372e+01 -1.341360294117646212e+01 -1.431440281030444339e+01
1.000000000000000000e+00 1.000000000000000000e+00 1.000000000000000000e+00 1.000000000000000000e+00 1.000000000000000000e+00 1.000000000000000000e+00
-3.582940698619013631e+01 -2.809784168074743960e+01 -4.094419306184017415e+01 -8.604555808656037641e+01 -5.200436046511639177e+01 -4.394916540212445710e+01
-1.255138662316480236e+01 -4.089167424340875434e-01 -8.951653944020367959e+00 -7.887490165224227745e+00 -8.249542682926845316e+01 -1.495601659751036827e+01
-1.818485121731286114e+01 -1.008075013789298602e+01 -1.754112149532710774e+01 -2.004102096627164187e+01 -2.719756554307121377e+01 -7.337833190025818908e+01
-1.793418195432428419e+01 -1.944708959227467915e+02 -7.878051643192495135e+01 -9.421590909090895138e+01 -9.665172855313714706e+01 -1.304332281808622724e+02
1.000000000000000000e+00 1.000000000000000000e+00 1.000000000000000000e+00 1.000000000000000000e+00 1.000000000000000000e+00 1.000000000000000000e+00
-4.250692041522493270e+01 -5.412244897959173784e+01 -9.430457816082860489e+00 -9.105269761606021461e+01 -1.140289855072464178e+02 -3.279310344827587187e+01
-1.577900134498991633e+02 -6.108677248677255278e+01 -5.339248554913299749e+00 -5.760223463687152190e+01 -5.395078534031419792e+01 -6.765020161290314604e+01
-2.284290030211479561e+01 -1.007475252104752705e+01 -2.068540202966434194e+01 -1.066401158580737807e+01 -3.528498168498164489e+01 -2.293778110944528237e+01
-6.257408906882582045e+01 -5.695594713656389274e+01 -4.681027667984186991e+01 -4.240022349936091217e+01 -7.199849510910446782e+01 -5.867265624999988205e+01
1.000000000000000000e+00 1.000000000000000000e+00 1.000000000000000000e+00 1.000000000000000000e+00 1.000000000000000000e+00 1.000000000000000000e+00
-8.428048780487809211e+01 -8.050803043110718704e+01 -7.673870172555454872e+01 -6.842286885521339457e+01 -1.160795081967212639e+02 -8.357461406518008573e+01
-6.272115384615381117e+01 -4.527872860635697805e+01 -3.815806546741383443e+01 -9.653092783505142904e+01 -8.118750000000008527e+01 -5.269500000000003581e+01
-1.379419218585005069e+02 -7.343847072879333382e+01 -5.242124430955942493e+00 -3.581924198250732161e+01 -3.496493688639547059e+01 -3.524353741496593528e+01
-1.426637075718021777e+02 -3.620168067226894237e+01 -7.416624336180998256e+00 -3.080464625131991951e+01 -4.031410256410261184e+01 -4.209119496855343101e+01
1.000000000000000000e+00 1.000000000000000000e+00 1.000000000000000000e+00 1.000000000000000000e+00 1.000000000000000000e+00 1.000000000000000000e+00
5.759625390218532814e+00 1.423387347437775041e+01 9.277777777777782120e+00 1.126682628358606308e+01 2.569476669244650680e+00 7.687580025608186096e-01
4.466289866774331152e+00 -1.599427168576102787e+00 1.017631304865362729e+01 -3.079111457521424899e+00 -1.509449135504620010e+00 -2.798859934853424214e+00
9.689676425269638571e+00 1.008454034880283245e+01 6.976331360946742777e+00 1.426479351897275194e+01 2.917350527549819716e+00 3.057715311004787662e+00
3.617067049121541977e+00 -3.553679945982461508e+00 1.016254940021500275e+01 -6.927613941018801569e+00 -2.100140056022408608e+00 -5.855596888738579864e+00
1.000000000000000000e+00 1.000000000000000000e+00 1.000000000000000000e+00 1.000000000000000000e+00 1.000000000000000000e+00 1.000000000000000000e+00
-5.934453781512610959e+01 -1.520958948043614782e+02 -7.015901360544199861e+01 -9.909946236559106225e+00 -7.055315471045798859e+01 -6.384670231729054990e+01
-1.474979625101873815e+01 -6.978260869565221292e+00 -7.949275362318821259e+00 7.855033022468476123e-01 -3.368529170090390323e+01 -4.586534372785255442e+01
-6.281081081081075013e+01 -3.733682983682985679e+01 -1.211125098347757074e+02 -9.946740695044193004e+00 -5.506908267270668489e+01 -1.085004329004326706e+02
-1.429902248289339752e+02 -7.711609001685308939e+00 -4.431264367816091720e+01 -3.123341232227488717e+01 -5.965397170837867691e+01 -3.401533018867927183e+01
1.000000000000000000e+00 1.000000000000000000e+00 1.000000000000000000e+00 1.000000000000000000e+00 1.000000000000000000e+00 1.000000000000000000e+00
-2.927914798206270319e+01 -1.756848697846254836e+01 -2.660640732265445507e+01 -2.872409778812575709e+01 -4.112751677852357801e+01 -6.114466737064407909e+01
-6.038656126482223385e+01 -1.450792262078349495e+02 -3.626088879062550507e+00 -5.531925264012995314e+01 -7.912098581030616629e+01 -6.396049573973665048e+01
-3.803744939271251724e+01 -1.446778831446925722e+02 -2.914472361809049872e+01 -4.668893174655472933e+00 -3.631229597388468733e+01 -4.045920502092043591e+01
-6.340525838621951493e+01 -6.629370008873111431e+01 -5.529155060352833573e+01 -3.999857029986116430e+01 -5.315275310834815059e+01 -8.010915197313160263e+01
1.000000000000000000e+00 1.000000000000000000e+00 1.000000000000000000e+00 1.000000000000000000e+00 1.000000000000000000e+00 1.000000000000000000e+00
-7.144110576923074518e+01 -7.318867924528299795e+01 -7.297313797313792350e+01 -6.558878412885410114e+01 -8.081182147165270635e+01 -8.814683544303792928e+01
-8.909309967141273034e+01 -5.735792307294113357e+01 -8.604247990815150615e+01 -7.859520807061801406e+01 -1.079801242236023455e+02 -7.996644295302033356e+01
-5.839258286176229973e+01 -2.298217054263565373e+01 9.414094509696803170e-01 -2.815495342929723677e+01 -3.379122664500406614e+01 -3.149754901960782760e+01
-2.954999999999998650e+01 -1.132958174904943149e+02 -4.498722787754012131e+00 -2.268198198198196991e+01 -4.584089035449302685e+01 -3.973224978614205583e+01
1.000000000000000000e+00 1.000000000000000000e+00 1.000000000000000000e+00 1.000000000000000000e+00 1.000000000000000000e+00 1.000000000000000000e+00
7.540140845070417264e+00 7.347284676582487073e+00 6.127324749642352408e+00 1.218206258141400156e+01 -6.568894952251078667e-01 -1.098244429439572345e+00
7.485216686917784301e+00 1.216052375533893226e+01 1.162033195020747378e+01 7.309444904722455227e+00 5.453034081463007388e-01 -5.757748776508983646e+00
7.627198244832202434e+00 -5.081847649918932674e+00 4.806391560657766071e+00 1.201654716914502252e+01 -2.979713603818630041e+00 -1.444705882352932180e+00
1.963979416809611189e+00 1.738798193817294724e+00 1.300572787660440177e+01 -2.175883952855993952e-01 7.168610816542909658e-01 -2.780487804878032931e-01
1.000000000000000000e+00 1.000000000000000000e+00 1.000000000000000000e+00 1.000000000000000000e+00 1.000000000000000000e+00 1.000000000000000000e+00
-1.855392646895494408e+02 -4.307794614629865038e+01 -1.621770255271921428e+02 -1.543973395026029323e+02 -1.727713467048710640e+02 -1.836677333333334730e+02
-2.332913165266105437e+01 -6.104018369690015078e+01 -9.117728531855991037e+01 -1.040798760543975243e+00 -2.480938833570414559e+01 -7.787438423645316732e+01
-9.793692022263444130e+01 -1.157854609929081420e+02 -9.921993127147783298e+01 -1.660445362718092355e+01 -1.016467391304347672e+02 -1.044991511035653815e+02
-2.124484240687676788e+02 -7.933859223300982144e+00 -6.352903225806452525e+01 -1.403300000000000409e+02 -6.309615384615387512e+01 -8.991566265060244234e+01
1.000000000000000000e+00 1.000000000000000000e+00 1.000000000000000000e+00 1.000000000000000000e+00 1.000000000000000000e+00 1.000000000000000000e+00
-5.470886075949366756e+01 -1.914705882352939526e+01 -8.950558659217861646e+00 -7.190419161676651072e+01 -4.973809523809521949e+01 -1.852179104477613976e+02
-2.087148014440434451e+01 -7.753761327975730033e-01 -6.143728813559329538e+00 -1.052391304347826662e+01 -1.291486291486292082e+01 -3.155928979074194984e+01
-1.533962675714977024e+02 -4.153943217665622001e+01 -6.210926118626435510e+01 -7.723976901832805275e+00 -5.642494714587735416e+01 -3.883934426229510706e+01
-1.629122182680901858e+02 -8.618279569892465020e+01 -1.642083717256813884e+02 -1.945948482636345744e+01 -1.145572413793103692e+02 -9.137999999999991019e+01
1.000000000000000000e+00 1.000000000000000000e+00 1.000000000000000000e+00 1.000000000000000000e+00 1.000000000000000000e+00 1.000000000000000000e+00
-8.508874458874471713e+01 -1.481083333333334622e+02 -1.738980169971672183e+02 -5.238139939998053052e+01 -9.307398568019094398e+01 -1.760700000000001069e+02
-6.561437279435349268e+00 -1.284670893719806770e+02 -1.018679245283019412e+02 -1.592789968652037373e+02 -1.217587301587301454e+02 -2.070785046728972247e+02
3.727533828798152982e+00 -2.074897400820792370e+01 -2.048818897637797676e+00 -2.386898016997159644e+01 -1.005527272727273669e+01 -1.506030150753766605e+01
-2.560196709368005585e+00 -1.052183406113537956e+01 -8.861194029850738119e+00 -9.804364770070156609e+00 -3.044911032028468512e+01 -1.536850519584332631e+01
1.000000000000000000e+00 1.000000000000000000e+00 1.000000000000000000e+00 1.000000000000000000e+00 1.000000000000000000e+00 1.000000000000000000e+00
-5.203515263644770350e+00 4.490981963927855425e+00 8.201304753029088623e-02 9.989453536971245384e+00 -2.674106280193234042e+01 -3.534579439252341970e+00
-2.787407407407404492e+01 1.235050646175339573e+01 6.546610169491525077e+00 1.895734597156420453e-01 -2.320866141732284404e+01 -2.816513761467892785e+00
1.979322228604249112e+00 -2.393195437850361984e-01 -6.749017405951707183e-01 8.839322068403779653e+00 -1.128338945005613070e+01 -2.916279069767441001e+00
1.614123853698260547e+01 5.906642728904832218e+00 1.197777777777778851e+01 8.370485036119717392e+00 3.057345132743368499e+00 3.737443713197098116e+00
1.000000000000000000e+00 1.000000000000000000e+00 1.000000000000000000e+00 1.000000000000000000e+00 1.000000000000000000e+00 1.000000000000000000e+00
-9.930494505494500856e+01 -9.849760765550239228e+01 -1.037179487179487865e+02 -8.523500419463128708e+01 -1.989940209267563205e+02 -1.165094786729858498e+02
-7.161544523246695348e+01 -8.884276729559741170e+01 -1.151578947368421098e+02 -7.709933774834433962e+01 -9.316463414634147000e+01 -2.205586854460092354e+02
-2.024437499999997954e+02 -1.212815139192996980e+02 -1.349497907949792079e+02 -1.289325842696629252e+02 -1.862713754646841551e+02 -1.893052325581396360e+02
-1.611437699680516005e+02 -3.330684739425096463e+00 -4.623096446700513695e+01 -3.004582210242586271e+01 -4.018633540372669444e+01 -9.510250569476076521e+01
1.000000000000000000e+00 1.000000000000000000e+00 1.000000000000000000e+00 1.000000000000000000e+00 1.000000000000000000e+00 1.000000000000000000e+00
-7.538488576449907441e+01 -6.201481481481454949e+00 -1.929411764705880472e+01 -1.426607538802661068e+01 -2.233677685950414116e+01 -1.970464135021097007e+01
-5.593401015228425877e+01 -7.051785714285711038e+01 -2.426737967914440830e+01 -6.253709198813054648e+00 -2.018833333333332689e+02 -2.705347593582885324e+01
-5.117213114754100189e+01 -4.181665876402698956e+01 -5.806343283582089043e+01 -8.520422535211274351e+01 -9.854945054945062566e+01 -6.194346289752648005e+01
-1.602593805486655469e+02 -1.554456809013769316e+02 -1.562575757575755233e+02 -8.611119402985090687e+01 -1.634053370786513710e+02 -1.637181705809640846e+02
1.000000000000000000e+00 1.000000000000000000e+00 1.000000000000000000e+00 1.000000000000000000e+00 1.000000000000000000e+00 1.000000000000000000e+00
-9.806843267108163786e+01 -1.963822160148976934e+02 -8.221412803532005853e+01 -5.519780102476521222e+01 -1.211373873873873634e+02 -1.222076923076924118e+02
-2.116437712385206282e+01 -5.280151515151518993e+01 -1.583081336483295161e+02 -4.946015624999993321e+01 -5.848513302034444905e+01 -8.048302872062654956e+01
-2.294827039035238769e+00 -1.596022304832712564e+02 -2.944520547945206346e+01 -3.395522388059701058e+01 -3.143137254901961342e+01 -7.175274725274722698e+01
-6.509396636993072249e+00 -8.481720430107529296e+01 -1.585105762217361587e+02 -5.027215189873417245e+01 -1.258749999999999147e+02 -8.713661202185795673e+01
1.000000000000000000e+00 1.000000000000000000e+00 1.000000000000000000e+00 1.000000000000000000e+00 1.000000000000000000e+00 1.000000000000000000e+00
-8.681732580037676783e+00 3.007246918192008511e+00 -5.489700996677738232e+01 2.521440823327664171e-01 -1.208844765342958638e+01 -1.431802721088434360e+01
9.926150121065383303e+00 1.604708977795285207e+01 1.279151515151515461e+01 1.144278010784899635e+01 -7.737308146399059616e+00 3.911044776119400268e+00
-1.547787610619468879e+01 1.251564828614010194e+00 -1.403663366336632521e+02 -7.206896551724151223e+00 -2.532692307692307310e+01 -1.418181818181818521e+01
1.408282730923702353e+01 1.816240945482281877e+00 9.284037558685431790e+00 1.051080864691751238e+01 1.736016096579472201e+00 6.091720779220750615e-01
1.000000000000000000e+00 1.000000000000000000e+00 1.000000000000000000e+00 1.000000000000000000e+00 1.000000000000000000e+00 1.000000000000000000e+00
-1.713800539083565297e+02 -2.378213433344701855e+01 -1.463821656050953948e+02 -1.504474885844748542e+02 -1.495239294710328863e+02 -1.451474201474202061e+02
-1.302194285714287219e+02 -2.997327010131481018e+01 -1.441325187969929118e+02 -1.491832784873679429e+02 -1.452946145723335007e+02 -1.411702610669695162e+02
-1.572202048417131266e+02 -7.193623295245106419e+01 -1.638207954000957898e+02 -1.619535173060830004e+02 -1.588729388942774108e+02 -1.646002722323050023e+02
-1.491168971089961417e+02 -1.019776446185758942e+02 -1.512477341608774282e+02 -1.499036673100549137e+02 -1.638954989532452942e+02 -1.617039542143598965e+02
1.000000000000000000e+00 1.000000000000000000e+00 1.000000000000000000e+00 1.000000000000000000e+00 1.000000000000000000e+00 1.000000000000000000e+00
-1.585619047619047706e+02 -8.102335084646793462e+01 -1.546994134405894670e+02 -1.535717830556535546e+02 -1.602011992005329546e+02 -1.674290484140231001e+02
-1.467202337472609202e+02 -1.581365576102418835e+01 -8.361111111111115690e+01 -9.076744186046519758e+01 -7.018894009216586483e+01 -8.541545893719816718e+01
5.594157281266899595e+00 -1.086572408897298629e+02 -2.910051813471502768e+01 -1.852418926103140606e+01 -5.331712158808945645e+01 -2.753795740032775896e+01
-6.200211626089071615e+01 -1.267427884615384386e+02 -1.242255247034283201e+02 -1.468453378548828141e+02 -1.341646333464508416e+02 -1.338577608809643777e+02
1.000000000000000000e+00 1.000000000000000000e+00 1.000000000000000000e+00 1.000000000000000000e+00 1.000000000000000000e+00 1.000000000000000000e+00
-5.458063160575629524e+01 -5.963908118313389650e+01 -6.038437693738366363e+01 -5.819079962951548168e+01 -7.333383413461527311e+01 -6.433408723747993463e+01
-1.635319287699176698e+02 -1.377560923471561978e+02 -1.645318576129223800e+02 -1.666297624687015571e+02 -1.733941057497836766e+02 -1.748666666666665890e+02
-1.433695893451719883e+02 -3.160282258064503935e+01 -1.543998963193366478e+02 -1.613502793296089237e+02 -1.405473372781064256e+02 -1.524325674325675095e+02
-1.351535135135136159e+02 -3.337917388078154346e+01 -1.468205474822572967e+02 -1.298300865800866575e+02 -1.878940188877230071e+02 -1.880584926884140771e+02
1.000000000000000000e+00 1.000000000000000000e+00 1.000000000000000000e+00 1.000000000000000000e+00 1.000000000000000000e+00 1.000000000000000000e+00
6.165578635014832720e+00 1.047669570051897914e+01 6.093584461447911771e+00 8.075526932084311937e+00 -1.019450800915328914e+00 -2.399433427762039717e+00
-9.150610351562507105e+01 -8.440144973883453972e+00 -7.982677419354808990e+01 -1.002097401321130405e+02 -9.006104186641080389e+01 -8.889734455958544856e+01
1.836342811260178109e+01 1.421993732863295534e+01 1.641878823761603456e+01 1.595177033492823426e+01 7.336352894840492134e+00 7.355263157894734505e+00
-9.980160091480873064e+01 2.785776142022085011e-01 -3.034398402396406880e+01 -3.868493803622499172e+01 -3.744742268041242994e+01 -3.740190667335678398e+01
1.000000000000000000e+00 1.000000000000000000e+00 1.000000000000000000e+00 1.000000000000000000e+00 1.000000000000000000e+00 1.000000000000000000e+00
-2.067732919254658555e+02 -1.576838810641636002e+01 -1.759347335140015218e+02 -1.188296529968455104e+02 -1.806237864077668860e+02 -1.256354515050169169e+02
-1.475695187165775053e+02 -3.297761194029849463e+01 -3.382749326145566560e+00 -1.886976744186046062e+02 -4.006153846153845421e+01 -3.736842105263163205e+01
-1.585717787114849102e+02 -1.009983057474260626e+01 -9.095081967213128848e+01 -7.057674418604663913e+01 -1.162016806722687221e+02 -6.532066508313540965e+01
-1.445237964613905888e+02 -6.057102272727262715e+01 -1.294368711457320664e+01 -1.007818897637794322e+02 -7.079698492462298987e+01 -6.317075564278700739e+01
1.000000000000000000e+00 1.000000000000000000e+00 1.000000000000000000e+00 1.000000000000000000e+00 1.000000000000000000e+00 1.000000000000000000e+00
-3.498636526731262109e+01 -1.145615384615384897e+02 -7.668750000000007105e+01 -1.805508982035929080e+02 -1.456296296296297896e+02 -2.825084745762713396e+02
-1.138954802259886918e+02 -1.020006652622242598e+02 -1.127430730478588714e+02 -1.042695652173912606e+02 -1.459709762532981756e+02 -1.434543269230769909e+02
-2.340111420612813120e+01 -9.339610027855114183e+00 -7.072797927461137135e+01 -4.750704225352113497e+01 -6.046726862302483596e+01 -6.699527186761235953e+01
-8.288337841899601699e+01 -1.097448275862069522e+02 -9.175352112676054617e+01 -1.464615384615383675e+02 -1.137226890756302566e+02 -1.514904458598727501e+02
1.000000000000000000e+00 1.000000000000000000e+00 1.000000000000000000e+00 1.000000000000000000e+00 1.000000000000000000e+00 1.000000000000000000e+00
-1.655169511901898431e+02 -5.471167294244230561e+01 -1.022685589519650620e+02 -9.785903083700435445e+01 -1.089290465631928129e+02 -2.197818499127396592e+02
-7.757524374735044148e+01 -1.135045045045044958e+02 -1.173893805309734262e+02 -2.586193548387097962e+02 -3.250000000000001705e+02 -2.777770270270271453e+02
-9.799999999999998579e+01 -7.549470051762361322e+01 -1.022950000000000870e+02 -1.940967741935482707e+02 -1.280740740740740193e+02 -1.567684729064038720e+02
-6.450440528634366899e+01 -5.406723651744797365e+01 -7.146764091858042889e+01 -1.070306859205775396e+02 -6.883588621444189926e+01 -9.590207156308842684e+01
1.000000000000000000e+00 1.000000000000000000e+00 1.000000000000000000e+00 1.000000000000000000e+00 1.000000000000000000e+00 1.000000000000000000e+00
-2.218085106382980243e+01 1.094574712643675340e+01 -8.527415143603118253e+00 -3.827598896044160171e+01 -1.765147453083108786e+01 -1.820512820512818308e+01
-2.456692913385825960e+01 3.638888888888888395e+00 6.367567567567573583e+00 -2.057142857142856940e+00 -1.334516129032257652e+02 -1.193693693693693447e+01
4.490566037735843175e+00 1.188194444444452458e+01 7.211618257261408260e+00 6.948210205635945158e+00 4.569230769230765987e-01 5.976724854530337527e-01
-4.038461538461543654e+01 -2.936871508379886464e+01 3.751009003415087140e+00 -9.924444444444455371e+01 -4.695287958115184068e+01 -5.335981308411214030e+01
1.000000000000000000e+00 1.000000000000000000e+00 1.000000000000000000e+00 1.000000000000000000e+00 1.000000000000000000e+00 1.000000000000000000e+00
-1.712978373702421493e+02 -2.700628626692451917e+01 -1.680854430379748692e+02 -1.564661417322832335e+02 -1.532864157119477682e+02 -1.373400335008374213e+02
-1.035735037768738778e+02 -2.445297504798475519e+00 -4.720746887966797090e+01 -3.642731277533037826e+01 -4.701972386587762998e+01 -4.139248434237990182e+01
-1.637909427513525600e+02 -1.566736842105262326e+02 -1.089111969111969387e+02 -1.632446183953033270e+01 -1.200355555555556037e+02 -1.709305019305020323e+02
-9.986988847583646134e+01 -1.646113886113885982e+01 -1.950717338929044331e+02 -9.825601926163703581e+01 -1.086184738955825253e+02 -9.488467614533972494e+01
1.000000000000000000e+00 1.000000000000000000e+00 1.000000000000000000e+00 1.000000000000000000e+00 1.000000000000000000e+00 1.000000000000000000e+00
-7.570308788598573813e+01 -1.238480543545396628e+01 -1.647933299646286969e+02 -5.633411764705883940e+01 -1.264437984496124585e+02 -1.941600928074246042e+02
-6.118614718614716708e+01 -2.753419516263556588e+01 -1.903622540250446491e+02 -5.190833333333337407e+01 -2.262350597609561476e+02 -7.689639639639641189e+01
-4.683980989656137695e+01 -7.945454545454538220e+01 -8.782142857142856940e+01 -1.382031249999998010e+02 -7.738562091503268903e+01 -1.670306748466256010e+02
-9.026030927835057582e+01 -6.877684563758353420e+01 -7.890760869565214364e+01 -8.601626016260158281e+01 -1.146259541984731527e+02 -1.049014778325122137e+02
1.000000000000000000e+00 1.000000000000000000e+00 1.000000000000000000e+00 1.000000000000000000e+00 1.000000000000000000e+00 1.000000000000000000e+00
-1.236466267156389023e+02 -1.399620253164557653e+02 -1.631926605504588110e+02 -1.459501187648457687e+02 -1.584421052631576572e+02 -1.688046357615893101e+02
-8.175165562913910833e+01 -6.725054494165902952e+01 -8.682484076433125608e+01 -8.441558441558433401e+01 -8.982898550724635811e+01 -2.008372781065087622e+02
-7.831320224719102896e+01 -3.652870945479648412e+01 -1.588077629765727465e+02 -7.237499999999992895e+01 -9.264947089947087022e+01 -9.735819070904659611e+01
-4.757211667112648001e+01 -6.362237762237758432e+01 -6.913690476190473078e+01 -5.598496240601500773e+01 -1.511966292134831917e+02 -1.453212121212121701e+02
1.000000000000000000e+00 1.000000000000000000e+00 1.000000000000000000e+00 1.000000000000000000e+00 1.000000000000000000e+00 1.000000000000000000e+00
-1.064571428571428058e+01 3.519736842105261498e+00 -1.551048951048951352e+01 6.456674473067923081e+00 -8.457837837837840311e+01 -1.029746835443038044e+01
-2.615611814345989572e+01 1.008298841059604989e+01 -2.821681415929204206e+01 -7.108333333333344939e+00 -4.538834951456313327e+00 -7.140845070422537688e+00
5.289380530973445182e+00 5.343373493975899891e+00 3.165387894288155035e+00 9.703601202678665771e+00 -3.911297071129705039e+00 -2.733099209833182996e+00
-2.364784053156143884e+01 8.858234758871688541e+00 -5.684953111679469373e+01 -3.035694822888284250e+01 -3.282622950819673946e+01 -2.465294117647056638e+01
1.000000000000000000e+00 1.000000000000000000e+00 1.000000000000000000e+00 1.000000000000000000e+00 1.000000000000000000e+00 1.000000000000000000e+00
-1.306881102814470808e+02 -1.839996637336761864e+02 -1.829116254602839149e+02 -1.765510483135824416e+02 -1.856926686217008751e+02 -1.886728538283063870e+02
-1.432984417344174517e+02 -4.869787856620365396e+00 -4.681912681912679375e+01 -4.923340471092080861e+01 -5.543177189409373540e+01 -9.324196597353514449e+01
-1.195493037564770873e+02 -2.622707712677920711e+01 -1.202735124760077241e+02 -1.962245531281027979e+02 -1.290394088669950179e+02 -1.594720908230843008e+02
-1.455875058860466140e+02 -1.386923076923075655e+02 -3.570967741935486117e+01 -1.378225806451613948e+02 -1.490722891566264536e+02 -2.119795321637427321e+02
1.000000000000000000e+00 1.000000000000000000e+00 1.000000000000000000e+00 1.000000000000000000e+00 1.000000000000000000e+00 1.000000000000000000e+00
-1.409399606299210284e+01 -8.278947368421053454e+01 -5.957281553398058804e+01 -1.347964601769911610e+02 -4.435643564356435320e+01 -1.900942184154176573e+02
-1.140569687334391347e+02 -1.985622593068046005e+00 -4.368982630272949308e+01 -1.527540983606557461e+02 -1.228040404040405349e+02 -6.076157407407408328e+01
-1.104873646209386777e+02 -9.075172034131566079e+01 -1.164303030303030511e+02 -1.249559322033898496e+02 -1.919327731092438682e+02 -1.480146627565981703e+02
-1.605113000067465521e+02 -1.392289416846653012e+02 -1.094833309279840421e+02 -1.440603550295855086e+02 -1.557757793764987184e+02 -1.597825581395351549e+02
1.000000000000000000e+00 1.000000000000000000e+00 1.000000000000000000e+00 1.000000000000000000e+00 1.000000000000000000e+00 1.000000000000000000e+00
-1.431731843575418850e+02 -1.524454545454544814e+02 -1.344379272326355306e+02 -1.471938775510204209e+02 -2.074273504273504329e+02 -1.512857142857142492e+02
-8.756420616238669297e+00 -1.888802083333332149e+01 -1.630215827338130907e+01 -1.380820695807312504e+01 -2.320490367775833462e+01 -2.599472759226708263e+01
9.553309970717114297e-01 -7.083737864077666480e+00 -3.837708830548936412e+00 -7.442839951865206416e+00 -1.450811485642947041e+01 -1.036296296296295871e+01
-1.030598421486617067e+00 -8.113685734974673380e+00 -6.890787518573540993e+00 -3.624528301886793002e+01 -2.788197879858653039e+01 -1.818319454958368553e+01
1.000000000000000000e+00 1.000000000000000000e+00 1.000000000000000000e+00 1.000000000000000000e+00 1.000000000000000000e+00 1.000000000000000000e+00
-2.902222222222213688e+01 7.519847065899122995e+00 -1.154153632255819906e+00 -5.627705627705561486e-01 -8.653488372093024239e+00 -1.727568740955133464e+01
7.703870967741935694e+00 4.815835777126106443e+00 1.182726911223777044e+01 8.096355775169865154e+00 -2.591444513329195232e+00 9.060360920970749188e-01
-2.298993487270576619e+00 5.944589110188406522e+00 3.493036211699160343e-01 -9.598193057536853701e+00 -6.840764331210174909e+00 -6.191339964891755088e+00
1.826650499938481431e+01 1.174717391304344716e+01 1.437115470352204305e+01 1.591363022941972538e+01 5.718191841234840922e+00 7.138458130261404300e+00
1.000000000000000000e+00 1.000000000000000000e+00 1.000000000000000000e+00 1.000000000000000000e+00 1.000000000000000000e+00 1.000000000000000000e+00
-1.734025668197339769e+02 -3.178331487633823826e+01 -1.219588235294118448e+02 -1.733000000000001251e+02 -1.400818505338077671e+02 -1.624548335974644431e+02
-1.588382020160449599e+02 -1.271475409836066177e+02 -1.233243494423789173e+02 -2.519237708615236926e+01 -1.901186848436242656e+02 -1.452003642987250771e+02
-6.851519835136527092e+01 -1.481664712778428168e+02 -1.463750400000000695e+02 -1.464916467780429059e+02 -1.997645687645685371e+02 -1.471941992433796997e+02
-1.639107084557629435e+02 -1.030336906584985357e+01 -1.260593824228030115e+02 -1.037801980198019578e+02 -1.249341317365268225e+02 -9.933636363636371414e+01
1.000000000000000000e+00 1.000000000000000000e+00 1.000000000000000000e+00 1.000000000000000000e+00 1.000000000000000000e+00 1.000000000000000000e+00
-3.309003215434082534e+01 -1.174705474705471531e+01 -1.031404358353511981e+02 -3.157586206896550962e+01 -2.930897009966777489e+01 -7.559374999999995737e+01
-6.114246575342463785e+01 -4.733957219251339410e+01 -1.720015015015014228e+02 -3.613648954923193912e+01 -1.428481675392668251e+02 -6.937352941176482091e+01
-1.636147686832737804e+02 -2.660983060261041189e+01 -2.247326388888889710e+02 -8.795833333333330017e+01 -1.086438356164384658e+02 -2.163111111111109608e+02
-1.058814903282854800e+02 -1.558235118449384231e+02 -1.441280130293150421e+02 -1.366587739215055421e+02 -1.464709452157279088e+02 -1.444399934194294417e+02
1.000000000000000000e+00 1.000000000000000000e+00 1.000000000000000000e+00 1.000000000000000000e+00 1.000000000000000000e+00 1.000000000000000000e+00
-1.768053058216661952e+02 -6.243180070736565312e+01 -1.269869402985076619e+02 -1.518089700996677323e+02 -1.362756539235412276e+02 -2.437145187601958298e+02
-9.818676785168580068e+01 -5.050285714285728744e+01 -4.773365041617122984e+01 -6.557256329637688452e+00 -6.257434402332369672e+01 -6.960582639714603204e+01
-1.666036866359447117e+02 -3.013230769230773376e+01 -4.545079365079367761e+01 7.299667372240685737e-01 -4.261963190184044947e+01 -4.758983050847454166e+01
-2.570059274251859449e+01 -3.532558139534885555e+01 -5.464625850340129176e+01 -3.255985915492958327e+01 -5.764874551971320926e+01 -1.470032573289903155e+02
1.000000000000000000e+00 1.000000000000000000e+00 1.000000000000000000e+00 1.000000000000000000e+00 1.000000000000000000e+00 1.000000000000000000e+00
-1.596196868008947867e+01 1.121883903133904514e+00 -5.676296296296300881e+01 -1.230444444444445473e+01 -2.729571106094806154e+01 -2.403340292275575152e+01
8.022308979364197512e+00 1.397946602058199517e+01 -1.600323755564546602e+01 8.237629459148463340e+00 -2.239952718676063159e-01 6.185383244206752451e-01
-2.447560975609755474e+01 -2.089156626506025560e+01 -2.409876543209875166e+01 2.975274725274726251e+00 -1.358888888888888502e+01 -3.139130434782608958e+01
1.603654618473896321e+01 1.144065804935373265e+01 1.298136645962735081e+01 1.608599322252711517e+01 4.699485962831160712e+00 -1.370212765957438572e+00
1.000000000000000000e+00 1.000000000000000000e+00 1.000000000000000000e+00 1.000000000000000000e+00 1.000000000000000000e+00 1.000000000000000000e+00
-1.578380719239290215e+02 -1.379974444160487792e+02 -1.596354136002354380e+02 -1.599900759807720192e+02 -1.653575427447412096e+02 -1.683428402541754565e+02
-1.964663212435233106e+02 -5.110685483870955892e+01 -9.380597014925373855e+01 -1.063819444444445139e+02 -1.445906432748538180e+02 -9.509999999999998010e+01
-1.577972149695384871e+02 -9.242001710863956987e+01 -1.529068083693119036e+02 -1.578106296758101337e+02 -1.587946513849093719e+02 -1.629091337099812904e+02
-2.374324324324326483e+02 -1.254675469075746150e+02 -1.533604240282683975e+02 -1.457032258064515133e+02 -1.460238095238094616e+02 -1.885532544378700379e+02
1.000000000000000000e+00 1.000000000000000000e+00 1.000000000000000000e+00 1.000000000000000000e+00 1.000000000000000000e+00 1.000000000000000000e+00
-1.328380415379823773e+02 -9.706930209858471414e+01 -1.345045703839121529e+02 -1.343298197891873826e+02 -1.687336229946529897e+02 -1.440407881092288847e+02
-1.413097544984330511e+02 -6.801836158192092796e+01 -1.410161764705880216e+02 -1.448319999999997947e+02 -1.416660973526896612e+02 -1.485004226542685615e+02
-8.238638088012140770e+01 -1.020358306188928132e+01 -4.040331491712687573e+00 -7.788888888888889639e+00 7.406578637113946151e+00 -2.596928682977618408e+01
-1.233908318269277942e+02 -1.177232213105543366e+02 -1.161790986574564215e+02 -1.170239870802266182e+02 -4.223499305857745867e+01 -1.244561483856191586e+02
1.000000000000000000e+00 1.000000000000000000e+00 1.000000000000000000e+00 1.000000000000000000e+00 1.000000000000000000e+00 1.000000000000000000e+00
-5.407901746776322227e+01 -5.605632743258825457e+01 -5.036591120726480142e+01 -5.405250461189140054e+01 -7.326597811637094537e+01 -6.304743007411058642e+01
-1.617132847214308242e+02 -1.597340159304442295e+02 -1.563147601978314469e+02 -1.550261110322276750e+02 -1.660375489236785427e+02 -1.663749849596911474e+02
-1.481835922999414663e+02 -4.820411522633739310e+01 -1.405913580246913739e+02 -2.074600000000004343e+02 -1.769188275084555357e+02 -1.530528735632183839e+02
-1.867667731629396144e+02 -5.251931679544530596e+01 -1.224258355060436259e+02 -1.256495278069253487e+02 -2.028459152016546341e+02 -1.328049040511725138e+02
1.000000000000000000e+00 1.000000000000000000e+00 1.000000000000000000e+00 1.000000000000000000e+00 1.000000000000000000e+00 1.000000000000000000e+00
-4.479378682378164278e+00 9.548345814769257700e+00 4.414293690675596515e+00 -4.004527938342954485e+01 -1.607817772778401633e+01 -5.168521462639115605e+00
-1.050392709973524745e+02 -2.748913445533563760e+01 -9.659762581021028893e+01 -1.013903497122615676e+02 -1.054818175112487921e+02 -9.733706652273642135e+01
1.830563978168594375e+01 1.629466119096506915e+01 1.838493811621566465e+01 1.834967845659160446e+01 9.350093496779543045e+00 2.000000000000000000e+01
-9.584629953379989331e+01 -2.637953167468137394e+01 -9.539798766157456100e+01 -1.042881153971700599e+02 -1.049272955417772266e+02 -1.102127264736039933e+02
1.000000000000000000e+00 1.000000000000000000e+00 1.000000000000000000e+00 1.000000000000000000e+00 1.000000000000000000e+00 1.000000000000000000e+00
-1.552172002443707015e+02 -1.378626110731380834e+02 -1.415371800081266827e+02 -5.708624902521459887e+01 -1.566985081273660114e+02 -1.605129604365622242e+02
-2.109471285323609209e+02 -1.437177914110429242e+02 -6.909940554821677949e+01 -1.301963190184050063e+02 -1.434374999999999147e+02 -2.175381165919282296e+02
-1.603104211157043153e+02 -7.972399788098181261e+01 -1.566860294117647072e+02 -1.586389983117620375e+02 -1.772468633435059928e+02 -1.628033749082905501e+02
-1.497803449912958627e+02 -9.193466817070900277e+01 -1.464408023483364616e+02 -1.476242774566470928e+02 -1.564680357734348775e+02 -1.594281941234732756e+02
1.000000000000000000e+00 1.000000000000000000e+00 1.000000000000000000e+00 1.000000000000000000e+00 1.000000000000000000e+00 1.000000000000000000e+00
-1.661360680340173985e+02 -1.172057291666666856e+02 -2.311623740201571664e+01 -1.153424657534246620e+02 -1.755402930402934203e+02 -1.496361655773420978e+02
-1.926870387453869000e+02 -2.485515181682434260e+01 -1.444152542372881953e+02 -1.565775862068966831e+02 -1.616652542372882522e+02 -1.688014705882353041e+02
-1.594224598930482557e+02 -9.794804795573320177e+00 -7.524752475247527173e+01 -6.507317073170730737e+01 -1.039457364341085395e+02 -9.792170022371367111e+01
-2.424511434511433663e+02 -1.443819444444444002e+02 -1.145397594125917635e+02 -1.424285714285712743e+02 -2.459551569506727731e+02 -1.623223684210526585e+02
1.000000000000000000e+00 1.000000000000000000e+00 1.000000000000000000e+00 1.000000000000000000e+00 1.000000000000000000e+00 1.000000000000000000e+00
-1.611137905132248989e+02 -9.667552526973345550e+01 -1.578692307692307963e+02 -1.560544999999995355e+02 -1.641460376358336077e+02 -1.676683298319325957e+02
-2.929933774834435098e+02 -1.286289592760180653e+02 -1.118083518257009672e+02 -1.314049999999998590e+02 -2.540140350877194919e+02 -1.557443946188342068e+02
-1.789995886466473962e+02 -1.180710382513660761e+02 -1.993927327028376340e+01 -1.821858407079646724e+02 -1.657711442786068972e+02 -1.499418604651163207e+02
-1.541605664226570696e+02 -1.792456479690507720e+01 -1.042474226804124413e+02 -9.791208791208785556e+01 -1.611213063763607352e+02 -1.071226252158893573e+02
1.000000000000000000e+00 1.000000000000000000e+00 1.000000000000000000e+00 1.000000000000000000e+00 1.000000000000000000e+00 1.000000000000000000e+00
-1.445977011494252622e+02 -9.142857142857141639e+01 -1.540318302387265703e+01 -7.204761904761906521e+01 -1.495555555555555429e+02 -2.879756097560976400e+02
-3.967027863777091312e+01 -8.009174311926607004e+00 -7.033333333333332860e+01 -7.689285714285713880e+01 -1.389880952380952692e+02 -1.127194244604315827e+02
-1.083870967741933953e+02 8.370370370370377344e+00 -1.393939393939394478e+01 -2.492155309033276112e+01 -2.182828282828283761e+01 -2.969387755102038895e+01
-1.118199052132701183e+02 -1.829577464788734531e+01 -9.267567567567564879e+01 -1.503600000000000421e+02 -7.539999999999996305e+01 -1.798000000000000398e+02
1.000000000000000000e+00 1.000000000000000000e+00 1.000000000000000000e+00 1.000000000000000000e+00 1.000000000000000000e+00 1.000000000000000000e+00
-1.652054496609954697e+02 -1.317685816293409289e+02 -1.611736564283926896e+02 -1.606222929936308219e+02 -1.694865152119035656e+02 -1.717437608434535150e+02
-1.411767134599506903e+02 -5.381308275058295010e+01 -1.572312943262419083e+02 -1.404652173913042077e+02 -1.429295039164491641e+02 -1.661035889070145970e+02
-1.416694764321273112e+02 -1.418853333333334774e+02 -1.435234079674328314e+02 -1.124995203836929960e+02 -1.508371753720455217e+02 -1.694138318807988242e+02
-1.587381642512078770e+02 -1.284278728606356026e+02 -1.522298624754420473e+02 -1.187756923781190892e+02 -1.604108695652173253e+02 -1.276781002638522153e+02
1.000000000000000000e+00 1.000000000000000000e+00 1.000000000000000000e+00 1.000000000000000000e+00 1.000000000000000000e+00 1.000000000000000000e+00
-1.773488782455255546e+02 -1.734047005795232010e+01 -1.576217948717949469e+02 -1.023021390374332356e+02 -1.453596491228070420e+02 -2.728384458077710519e+02
-1.954777397260277496e+02 -1.650433452320239525e+01 -1.337005988023953762e+02 -1.303537735849056105e+02 -2.140547945205479152e+02 -1.332608695652173765e+02
-1.765517555030015728e+02 -1.454302884615384528e+02 -1.123280542986425985e+02 -1.683984375000002487e+01 -2.055480572597138007e+02 -1.208031674208145461e+02
-2.319553727640684997e+02 -6.951079029617513072e+01 -2.188607305936072862e+02 -2.135619495008808144e+02 -2.298634604754006432e+02 -2.212884503772489211e+02
1.000000000000000000e+00 1.000000000000000000e+00 1.000000000000000000e+00 1.000000000000000000e+00 1.000000000000000000e+00 1.000000000000000000e+00
-1.635172246624863703e+02 -1.595174802110817325e+02 -1.620398193073448567e+02 -1.092604124545090798e+02 -1.667080745341613977e+02 -1.683889261744972714e+02
-2.603731434768285453e+02 -6.410988433228170891e+01 -2.361359934853422828e+02 -2.360624486442072225e+02 -2.509600340136059060e+02 -2.399943609022557212e+02
-1.479665924276171722e+02 -1.518513119533530542e+01 -1.042187499999999147e+02 -9.945783132530134196e+01 -1.023575949367087787e+02 -1.861707317073172590e+02
-1.602442609182521949e+02 -1.297686170212766115e+02 -1.381959026888602864e+02 -2.865752366235279425e+01 -1.632299872935195140e+02 -1.447411300919841040e+02
1.000000000000000000e+00 1.000000000000000000e+00 1.000000000000000000e+00 1.000000000000000000e+00 1.000000000000000000e+00 1.000000000000000000e+00
-1.581931818181817277e+02 -9.107692307692305533e+00 -5.513888888888889284e+01 -5.310344827586207117e+01 -9.256097560975611316e+01 -5.072727272727271242e+01
-1.700403587443945526e+02 -1.541269841269843077e+01 -1.741538461538461320e+02 -1.755263157894736707e+02 -1.539285714285714448e+02 -2.430563380281689660e+02
-2.024418604651164699e+01 7.539240506329104363e+00 -5.318604651162790020e+01 -3.920930232558139039e+01 -8.960784313725488559e+00 -3.879729729729729115e+01
-1.191540130151843329e+02 -6.734285714285714164e+01 -1.077446808510638476e+02 -2.171333333333335247e+01 -1.124666666666666828e+02 -1.098679245283018844e+02
1.000000000000000000e+00 1.000000000000000000e+00 1.000000000000000000e+00 1.000000000000000000e+00 1.000000000000000000e+00 1.000000000000000000e+00
-1.630045112493256454e+02 -1.348482885085575731e+02 -1.208514851485155219e+02 -1.072955423380143571e+02 -1.482647852760736669e+02 -1.430907521578297121e+02
-1.476087030592133260e+02 -1.448239395700174725e+02 -7.375367953346287209e+01 -1.419501738122828840e+02 -1.549856545128511698e+02 -1.538790412486068817e+02
-1.656395837881105138e+02 -9.304612299465182446e+01 -1.550422878004263225e+02 -1.546719080737832428e+02 -1.630479579207919301e+02 -1.658722222222223479e+02
-1.544892572130142128e+02 -1.506063166364911865e+02 -1.061771477910491086e+02 -1.516460965394111327e+02 -1.567555938037861836e+02 -1.584287507846832455e+02
1.000000000000000000e+00 1.000000000000000000e+00 1.000000000000000000e+00 1.000000000000000000e+00 1.000000000000000000e+00 1.000000000000000000e+00
-2.041536231884059589e+02 -5.141095890410954894e+01 -1.586041666666664263e+01 -6.548000000000000398e+01 -2.507086956521739580e+02 -5.388020833333331439e+01
-1.592005649717513336e+02 -1.521724845995895805e+02 -6.631078610603323398e+01 -1.559997386030945847e+02 -1.523995633187777514e+02 -1.603443443443443073e+02
-1.930638297872342264e+02 -2.101761144744083865e+01 -1.688422295701465998e+02 -1.232568306010928580e+02 -1.328203592814371348e+02 -2.195247524752474533e+02
-1.536192720787661870e+02 -1.516800454373348259e+02 -1.319062429229261397e+02 -1.543297505856407952e+02 -1.684316984191326299e+02 -1.616925508521167671e+02
1.000000000000000000e+00 1.000000000000000000e+00 1.000000000000000000e+00 1.000000000000000000e+00 1.000000000000000000e+00 1.000000000000000000e+00
-1.662674583131851307e+02 -1.643330345136708388e+02 -1.240401773344418075e+02 -1.706528854435826190e+02 -1.732085994040020580e+02 -1.770730265934995202e+02
-4.443122270742349400e+01 -4.469022639425725885e+01 -1.412812064503289662e+02 -5.699206349206340860e+01 -3.714409346603114170e-01 -4.422445363260483475e+01
-8.468873517786571270e+00 -6.562888357801291761e+01 -1.721773347324238657e+01 -3.764758578803507305e+01 8.150238768603136563e+00 -5.634589041095869533e+01
-1.343187937533650000e+01 -8.267807840971833855e+00 -7.427090620031785306e+01 -9.652004454342947071e+00 1.815780212561286966e+00 -1.837105112004596208e+01
1.000000000000000000e+00 1.000000000000000000e+00 1.000000000000000000e+00 1.000000000000000000e+00 1.000000000000000000e+00 1.000000000000000000e+00
-3.019194704908983340e+01 1.678276286065614853e+00 -2.493722222222232077e+01 -1.029285644195852285e+02 -3.282384028185553149e+01 -3.038109219025238517e+01
-3.627965697951402291e+01 9.928583479958501101e+00 8.152653548002382067e+00 -5.749999999999995559e+00 -3.397405660377365244e+00 1.158021712907111311e+00
-2.883591818386158678e+01 3.729274367891720399e+00 -3.052428256070639279e+00 -1.302029621503014667e+01 -1.677958115183249888e+01 -5.719088319088318606e+00
1.822247090420759719e+01 1.593092621664051123e+01 1.620294450736130543e+01 1.822667572463769758e+01 9.271859742565464302e+00 2.000000000000000000e+01
1.000000000000000000e+00 1.000000000000000000e+00 1.000000000000000000e+00 1.000000000000000000e+00 1.000000000000000000e+00 1.000000000000000000e+00
-1.647297354420680620e+02 -1.145177344999527094e+02 -1.635734767025085716e+02 -1.633503801997914309e+02 -1.710369552414604470e+02 -1.704125260339182262e+02
-1.948078431372549915e+02 -1.353049630411829867e+02 -1.618988988988988353e+02 -1.421623036649215237e+02 -1.518763440860214473e+02 -1.619132841328411416e+02
-1.969424157303371032e+02 -1.798185975609756895e+02 -2.027617520296687132e+02 -9.931530063548946430e+01 -2.083578124999995964e+02 -2.343994413407823174e+02
-1.576393196256622673e+02 -9.395254273277407719e+01 -1.545421686746990702e+02 -1.537704706640876680e+02 -1.624503076194980906e+02 -1.627742434283184707e+02
1.000000000000000000e+00 1.000000000000000000e+00 1.000000000000000000e+00 1.000000000000000000e+00 1.000000000000000000e+00 1.000000000000000000e+00
-1.581338947368422225e+02 -9.647346495200118000e+00 -7.529315960912056482e+01 -7.009615384615382538e+01 -2.811730279898221170e+02 -8.164371257485036892e+01
-1.565006299392964308e+02 -4.454154325798893410e+01 -1.165631067961165144e+02 -1.147362428842505579e+02 -1.738751950078002153e+02 -1.643649517684887940e+02
-1.646651979088863413e+02 -9.914739884393067371e+01 -1.651943911374733602e+02 -1.611890120967743769e+02 -1.860419415645615970e+02 -1.656179385530229240e+02
-1.123919763806875096e+02 -1.070175593868386699e+02 -1.138833934398074916e+02 -1.117977351916374289e+02 -1.168665821868207786e+02 -1.185239500173545935e+02
1.000000000000000000e+00 1.000000000000000000e+00 1.000000000000000000e+00 1.000000000000000000e+00 1.000000000000000000e+00 1.000000000000000000e+00
-1.680338169254091838e+02 -1.235639856274187025e+02 -1.661756207674940526e+02 -1.668406851243545646e+02 -1.749632369423897842e+02 -1.726546379828821500e+02
-1.463099255058254187e+02 -1.019774178681932142e+02 -6.482716903196620706e+01 -8.177445911008213386e+01 -1.102279623070228212e+02 -1.088237017310247978e+02
-5.441161928306547679e+01 -1.174165079365079691e+02 -2.903100667408220303e+01 6.864988558363906146e-03 -5.343510324483766283e+01 -6.478490566037734766e+01
-1.511512907321202874e+02 -1.135830461750516776e+02 -1.423690237128809031e+02 -1.844092702169629661e+01 -1.696344827586209476e+02 -1.222025862068965978e+02
1.000000000000000000e+00 1.000000000000000000e+00 1.000000000000000000e+00 1.000000000000000000e+00 1.000000000000000000e+00 1.000000000000000000e+00
-1.285974842767296309e+02 -4.570652173913042304e+01 -4.265624999999999289e+01 -1.995127610208823299e+01 -8.119999999999996021e+01 -1.088442622950819185e+02
-7.018045112781955197e+01 1.132713085234095196e+01 -1.132236842105264429e+01 -1.208029197080293393e+01 -1.525420560747663501e+02 -3.234759358288770414e+01
-8.492465753424650643e+01 -1.415584415584415190e+01 -8.429166666666668561e+01 -1.033039647577089326e+00 -2.936458333333332860e+01 -9.717333333333333201e+01
1.137024221453287609e+01 1.423297491039426532e+01 9.209523809523812332e+00 1.816830188679240621e+01 6.613281249999999112e+00 6.742857142857145547e+00
