1.000000000000000000e+00 1.000000000000000000e+00 1.000000000000000000e+00 1.000000000000000000e+00 1.000000000000000000e+00 1.000000000000000000e+00
-1.428532937058997421e+00 -1.428443793184431154e+00 -1.428553769940747786e+00 -1.428443130477610401e+00 -1.428143745099999862e+00 -1.042844229522349941e+01
-1.423819390027146081e+00 -1.426584578817832849e+00 -1.423819807076255550e+00 -1.412869369237343964e+00 -1.375770999999999855e+00 -1.041273124247307358e+01
-1.427873086675276681e+00 -1.428143745099981654e+00 -1.428443123490017008e+00 -1.428143745098048312e+00 -1.427145816999999983e+00 -1.042814374509999986e+01
-1.428571399690220289e+00 -1.428571412413001562e+00 -1.428571397603851656e+00 -1.428571413141445312e+00 -1.042795231552294055e+01 -1.042019711368105561e+01
1.000000000000000000e+00 1.000000000000000000e+00 1.000000000000000000e+00 1.000000000000000000e+00 1.000000000000000000e+00 1.000000000000000000e+00
-1.428571379392093998e+00 -1.428571379355343174e+00 -1.428571381787566041e+00 -1.428571268376285008e+00 -9.592999999999999972e+00 -1.042846815142451611e+01
-1.428570382994557963e+00 -1.428570885496509346e+00 -1.428570383044220904e+00 -1.428570905995064866e+00 -1.042845320049937996e+01 -1.042021059036515673e+01
-1.428143745099984319e+00 -1.428379801048742959e+00 -1.428380077024768990e+00 -1.428379786585832534e+00 -1.042184139045458480e+01 -9.592999999999999972e+00
-1.428567964335325735e+00 -1.428569765926708035e+00 -1.428569796878585096e+00 -1.428569803136729321e+00 -1.040027257761128077e+01 -9.592999999999999972e+00
1.000000000000000000e+00 1.000000000000000000e+00 1.000000000000000000e+00 1.000000000000000000e+00 1.000000000000000000e+00 1.000000000000000000e+00
-1.428559881117696051e+00 -1.428567943560103970e+00 -1.428566116618826598e+00 -1.428565883935796199e+00 -1.042851200339398510e+01 -1.042831253250117385e+01
-1.428571116764719706e+00 -1.428571271765656236e+00 -1.428571267996695315e+00 -1.428571275269026719e+00 -1.041962549758922130e+01 -1.042857043751700452e+01
-1.428570866998342570e+00 -1.428570857958022300e+00 -1.428567982340421816e+00 -1.428570905995064866e+00 -1.042848601969337707e+01 -1.042856958758383001e+01
-1.428571100450961362e+00 -1.428571271986462499e+00 -1.428571115117962975e+00 -1.428571268140484962e+00 -1.042003477291166114e+01 -1.041962632870247951e+01
1.000000000000000000e+00 1.000000000000000000e+00 1.000000000000000000e+00 1.000000000000000000e+00 1.000000000000000000e+00 1.000000000000000000e+00
5.269999999999999130e-01 5.089999999999999858e+00 5.269999999999999130e-01 5.089999999999998970e+00 -3.910000000000001030e+00 2.030000000000000071e+01
-1.427162432350532528e+00 -1.428143768771991784e+00 -1.427145816999999983e+00 -1.428143745099982764e+00 -1.042814374501648622e+01 -1.428443123453450259e+00
-1.252569999999999961e+00 -1.375771046327110225e+00 -1.412734217486583566e+00 -1.375771046327110225e+00 -1.037577100038022770e+01 -1.412731309216811670e+00
-1.423859850209969302e+00 -1.427145816999939143e+00 -1.423819390000000018e+00 -1.427145816995242456e+00 -1.042714581699443066e+01 -1.428143743389987730e+00
1.000000000000000000e+00 1.000000000000000000e+00 1.000000000000000000e+00 1.000000000000000000e+00 1.000000000000000000e+00 1.000000000000000000e+00
-1.428565042201686675e+00 -1.428553380748166735e+00 -1.428553367869042967e+00 -1.428443123529999914e+00 -1.042844386318003558e+01 -1.042840147278238661e+01
-1.427153964574612299e+00 -1.427947234686458788e+00 -1.427947234686458788e+00 -1.412731299999999912e+00 -9.592999999999999972e+00 -9.592999999999999972e+00
-1.428532937058801133e+00 -1.428443123529218317e+00 -1.428443117197751633e+00 -1.428143745099999862e+00 -1.042844311211937836e+01 -1.042844224814235510e+01
-1.428571335036942447e+00 -1.428571388007504606e+00 -1.428571387139329962e+00 -1.428571376355552314e+00 -1.042021568466671688e+01 -1.042021568466671688e+01
1.000000000000000000e+00 1.000000000000000000e+00 1.000000000000000000e+00 1.000000000000000000e+00 1.000000000000000000e+00 1.000000000000000000e+00
-1.428571334590458708e+00 -1.428571381767132609e+00 -1.428571381764789372e+00 -1.428571372705466525e+00 -9.592999999999999972e+00 -1.042857026803610232e+01
-1.428567964335308860e+00 -1.428569726368289494e+00 -1.428570382505023106e+00 -1.428570840972096967e+00 -1.042856932518245117e+01 -1.042021468540591478e+01
-1.428443115433851940e+00 -1.428512598921964027e+00 -1.428515174992486481e+00 -1.428443118391646172e+00 -1.042842504399881420e+01 -9.592999999999999972e+00
-1.428570389213087433e+00 -1.428570918069260731e+00 -1.428570916815636860e+00 -1.428570383906238916e+00 -1.042856940760251661e+01 -9.592999999999999972e+00
1.000000000000000000e+00 1.000000000000000000e+00 1.000000000000000000e+00 1.000000000000000000e+00 1.000000000000000000e+00 1.000000000000000000e+00
-1.428567943938674256e+00 -1.428566009096463585e+00 -1.428565883935796199e+00 -1.428567942120089640e+00 -9.592999999999999972e+00 -9.592999999999999972e+00
-1.428570924999002623e+00 -1.428571268012949202e+00 -1.428571271637323559e+00 -1.428571271772556273e+00 -1.019878100000000032e+01 -1.042857073421801672e+01
-1.428559881117700048e+00 -1.428570906379308170e+00 -1.428570915065658253e+00 -1.428570816038977176e+00 -1.042856919960687634e+01 -9.592999999999999972e+00
-1.428570389300592991e+00 -1.428570939896106839e+00 -1.428570960915490851e+00 -1.428570918466133710e+00 -1.039934571389900242e+01 -1.042021521917154203e+01
1.000000000000000000e+00 1.000000000000000000e+00 1.000000000000000000e+00 1.000000000000000000e+00 1.000000000000000000e+00 1.000000000000000000e+00
-1.199680999999999997e+00 5.097314704204897184e-01 -1.199680999999999997e+00 5.089999999999999858e+00 -9.592999999999999972e+00 -9.592999999999999972e+00
-1.423819390000000018e+00 -1.427145817008014017e+00 -1.427145816999999983e+00 -1.428145697284604942e+00 -1.042714580810291913e+01 -1.041880435883000011e+01
-1.408862605358303099e+00 -1.422098110282119743e+00 -1.421948611512682925e+00 -1.375771033567796398e+00 -9.698930000000000717e+00 -9.592999999999999972e+00
-1.412731299999999912e+00 -1.423819389982787120e+00 -1.423800682215126789e+00 -1.427145816344753460e+00 -1.041551119610000065e+01 -1.042381938999992741e+01
1.000000000000000000e+00 1.000000000000000000e+00 1.000000000000000000e+00 1.000000000000000000e+00 1.000000000000000000e+00 1.000000000000000000e+00
-1.428571116790177786e+00 -1.428571268140484962e+00 -1.428571278162680702e+00 -1.428571275051699674e+00 -1.039934571389900242e+01 -1.042021555908053543e+01
-1.428533141894176683e+00 -1.428565883935796199e+00 -1.428565883943656800e+00 -1.428553798904229177e+00 -1.041841524385247730e+01 -1.042846856851255843e+01
-1.428570389300518606e+00 -1.428570837517130876e+00 -1.428570942912179120e+00 -1.428570961271085293e+00 -1.042847917896881604e+01 -1.042848592360305560e+01
-1.428567785423807024e+00 -1.428559880507144220e+00 -1.428532937058999863e+00 -1.428553367869042967e+00 -1.042855988044955673e+01 -1.042855986562738657e+01
1.000000000000000000e+00 1.000000000000000000e+00 1.000000000000000000e+00 1.000000000000000000e+00 1.000000000000000000e+00 1.000000000000000000e+00
-1.428567806624356784e+00 -1.428555679282139446e+00 -1.428532937058999863e+00 -1.428553367869042967e+00 -1.041824873761926717e+01 -1.042855988103259435e+01
-1.428340078703418392e+00 -1.427947234686458788e+00 -1.427145816999999983e+00 -1.428141751609551591e+00 -9.592999999999999972e+00 -1.041979230764900066e+01
-1.428532937058820007e+00 -1.428553775558513594e+00 -1.428552660213650682e+00 -1.428553367869042967e+00 -1.042781552960508407e+01 -1.042855223676740195e+01
-1.428571116790066764e+00 -1.428571268140484962e+00 -1.428571283672535275e+00 -1.428571269213743111e+00 -1.042856275162415614e+01 -1.042848624386914835e+01
1.000000000000000000e+00 1.000000000000000000e+00 1.000000000000000000e+00 1.000000000000000000e+00 1.000000000000000000e+00 1.000000000000000000e+00
-1.428570389300582333e+00 -1.428570917802163276e+00 -1.428570905995429463e+00 -1.428570905995064866e+00 -1.042848706140321546e+01 -1.042856971848048886e+01
-1.428567964766854992e+00 -1.428569498259272708e+00 -1.428569526270178081e+00 -1.428569801965332564e+00 -1.042848571242081590e+01 -1.042021058848055404e+01
-1.428533377079262534e+00 -1.428565883935796199e+00 -1.428566123979633229e+00 -1.428565883935796199e+00 -1.042848204707503434e+01 -1.041381318175842630e+01
-1.428567959122497788e+00 -1.428569764792614327e+00 -1.428567964194574769e+00 -1.428569726368289494e+00 -1.039934571389900242e+01 -1.042193874060908954e+01
1.000000000000000000e+00 1.000000000000000000e+00 1.000000000000000000e+00 1.000000000000000000e+00 1.000000000000000000e+00 1.000000000000000000e+00
-1.426460172598834397e+00 -1.426627121810563725e+00 -1.426398128287349687e+00 -1.426628520991133575e+00 -9.592999999999999972e+00 -9.592999999999999972e+00
-1.253627320670000378e+00 -8.419005164020673115e-01 5.269999999999999130e-01 -1.358302067000000113e+00 -9.854732812804099851e+00 -9.841899751101532701e+00
-1.412732251377154524e+00 -1.426402280248973309e+00 -1.422500213278558023e+00 -1.426538223734393540e+00 -9.592999999999999972e+00 -1.040696805452989437e+01
-1.375596827350999973e+00 -1.406998734569000042e+00 -1.407486206094199943e+00 -1.406998734569000042e+00 -1.035223525700000025e+01 -9.592999999999999972e+00
1.000000000000000000e+00 1.000000000000000000e+00 1.000000000000000000e+00 1.000000000000000000e+00 1.000000000000000000e+00 1.000000000000000000e+00
-1.428571335037051027e+00 -1.428571371992531036e+00 -1.428571364570490276e+00 -1.428571335036934453e+00 -1.042856511173317102e+01 -1.042848781490067900e+01
-1.428559877016331470e+00 -1.428565883935796199e+00 -1.428569310683600602e+00 -1.428565850363314294e+00 -1.042836121008889627e+01 -1.042626816025710745e+01
-1.428571108419643743e+00 -1.428571290089142520e+00 -1.428571228880753052e+00 -1.428571116272628450e+00 -1.042857048497036487e+01 -1.042775210393452312e+01
-1.428559455490052477e+00 -1.428532746957324795e+00 -1.428443123529999914e+00 -1.428559881101205464e+00 -1.042844938376529385e+01 -1.041336771059840416e+01
1.000000000000000000e+00 1.000000000000000000e+00 1.000000000000000000e+00 1.000000000000000000e+00 1.000000000000000000e+00 1.000000000000000000e+00
-1.428559880249920200e+00 -1.428532783173616094e+00 -1.428443123529999914e+00 -1.428559880333956977e+00 -1.042017760768841050e+01 -1.042853150665022177e+01
-1.427916702404433469e+00 -1.427145760830285548e+00 -1.423819390000000018e+00 -1.426538065113326592e+00 -1.041395325326967303e+01 -1.042714581420513120e+01
-1.428555536967223150e+00 -1.428554526663587509e+00 -1.428554525432473632e+00 -1.428559762684940004e+00 -1.040025773203658055e+01 -1.042602787167725609e+01
-1.428571333565388013e+00 -1.428571294404868741e+00 -1.428571372389539906e+00 -1.428571260100304663e+00 -1.040740917103798857e+01 -1.041436092941311742e+01
1.000000000000000000e+00 1.000000000000000000e+00 1.000000000000000000e+00 1.000000000000000000e+00 1.000000000000000000e+00 1.000000000000000000e+00
-1.428571114068510228e+00 -1.428571268140484962e+00 -1.428571268140465422e+00 -1.428571116702280097e+00 -1.042021558097583167e+01 -1.042844925161772274e+01
-1.428559881127614783e+00 -1.428570844564560627e+00 -1.428570812330449247e+00 -1.428569801964996389e+00 -1.042856948494440950e+01 -1.042769071970628048e+01
-1.428443135283179899e+00 -1.428565817613969946e+00 -1.428565184433530089e+00 -1.428565883927943148e+00 -1.042019821855613593e+01 -1.042851288848355829e+01
-1.428559881117699604e+00 -1.428566124181924746e+00 -1.428566239654133652e+00 -1.428569753405993348e+00 -9.592999999999999972e+00 -1.042021227091770008e+01
1.000000000000000000e+00 1.000000000000000000e+00 1.000000000000000000e+00 1.000000000000000000e+00 1.000000000000000000e+00 1.000000000000000000e+00
-1.423819390000000240e+00 -1.427975343657213791e+00 -1.427866816532198824e+00 -1.426795543486440110e+00 -9.592999999999999972e+00 -1.040540352389900214e+01
-8.454778100000001073e-01 5.269982733189999546e-01 5.089999999999999858e+00 -8.454778100000002183e-01 -8.473000000000011411e+00 -8.473000000001119858e+00
-1.423819390000000018e+00 -1.427139741067343870e+00 -1.425978536442573663e+00 -1.426538319587219883e+00 -1.041880435883000011e+01 -1.042714581697776843e+01
-1.253642682925699914e+00 -1.406998734569000042e+00 -1.407469839137990064e+00 -1.407925763567027033e+00 -9.698930000000000717e+00 -9.592999999999999972e+00
1.000000000000000000e+00 1.000000000000000000e+00 1.000000000000000000e+00 1.000000000000000000e+00 1.000000000000000000e+00 1.000000000000000000e+00
-1.428571385284933992e+00 -1.428571414109292670e+00 -1.428571414088733338e+00 -1.428571383465431888e+00 -1.042781802198944163e+01 -1.042585643561496589e+01
-1.428567942622257725e+00 -1.428569839402940689e+00 -1.428569625009396882e+00 -1.428567811901168882e+00 -9.592999999999999972e+00 -1.042015844735772490e+01
-1.428571220469163183e+00 -1.428571271761939210e+00 -1.428571271876059479e+00 -1.428571290090099088e+00 -1.042837992833400129e+01 -1.042848255070970431e+01
-1.428532924070415877e+00 -1.428443117197751633e+00 -1.428442533194937303e+00 -1.428532937058820229e+00 -1.428143745099999862e+00 -1.042835957921764667e+01
1.000000000000000000e+00 1.000000000000000000e+00 1.000000000000000000e+00 1.000000000000000000e+00 1.000000000000000000e+00 1.000000000000000000e+00
-1.428532732427205909e+00 -1.428443123468126963e+00 -1.428442490305242840e+00 -1.428532937030821071e+00 -1.428143745099999862e+00 -1.042844312344168856e+01
-1.427145816999925598e+00 -1.423819389999812834e+00 -1.423819388274314202e+00 -1.427145816943616641e+00 -1.412731299999999912e+00 -1.042380219538235586e+01
-1.428566532675997980e+00 -1.428554555124221581e+00 -1.428566063404952624e+00 -1.428554526663560420e+00 -1.042019860123600239e+01 -1.042187208130598286e+01
-1.428571379271954545e+00 -1.428571375046083336e+00 -1.428571387136527315e+00 -1.428571377221596217e+00 -1.042846283763357818e+01 -1.042848597098200436e+01
1.000000000000000000e+00 1.000000000000000000e+00 1.000000000000000000e+00 1.000000000000000000e+00 1.000000000000000000e+00 1.000000000000000000e+00
-1.428570948464276347e+00 -1.428571268140484962e+00 -1.428571268140484962e+00 -1.428571268241452419e+00 -9.592999999999999972e+00 -1.042857038361711020e+01
-1.428567964507742483e+00 -1.428569726368289494e+00 -1.428569726368289494e+00 -1.428570923474405729e+00 -1.042021518736304486e+01 -1.042792997142498734e+01
-1.428554662734471625e+00 -1.428565883935796199e+00 -1.428565568787032003e+00 -1.428565562945280698e+00 -1.035223525700000025e+01 -1.042855092942378015e+01
-1.428565760877892998e+00 -1.428566235873038437e+00 -1.428566130180236371e+00 -1.428566569732898639e+00 -9.592999999999999972e+00 -1.042016132850804411e+01
1.000000000000000000e+00 1.000000000000000000e+00 1.000000000000000000e+00 1.000000000000000000e+00 1.000000000000000000e+00 1.000000000000000000e+00
-1.427145816999999983e+00 -1.428143745098034767e+00 -1.428143744903948464e+00 -1.427154977750250797e+00 -1.042814373674861095e+01 -1.428443123529999914e+00
5.269999999987731165e-01 5.089999999999999858e+00 5.089999999999999858e+00 5.269999999999999130e-01 -3.910000000000000142e+00 2.030000000000000071e+01
-1.427153840930537099e+00 -1.428143745097604667e+00 -1.428143745099999640e+00 -1.427145816999999983e+00 -1.042814373520788251e+01 -1.428437301831958495e+00
-1.375770999999999855e+00 -1.412731299999426815e+00 -1.412731299947544095e+00 -1.407486206262499984e+00 -1.041264932687000133e+01 -1.423819389999718688e+00
1.000000000000000000e+00 1.000000000000000000e+00 1.000000000000000000e+00 1.000000000000000000e+00 1.000000000000000000e+00 1.000000000000000000e+00
-1.428559929915366400e+00 -1.428443123529999914e+00 -1.428559770440311905e+00 -1.428516416141736745e+00 -1.042851006907991440e+01 -1.042852591307199361e+01
-1.427157636373080685e+00 -1.412731299999999912e+00 -1.427145942072659324e+00 -1.423819390045361510e+00 -1.042381938169180522e+01 -1.042381939416664949e+01
-1.428519499080302735e+00 -1.428143745099999862e+00 -1.428531246958150813e+00 -1.428384126712365809e+00 -1.042762371447503256e+01 -1.040841989443468485e+01
-1.428571335031192380e+00 -1.428571413483553210e+00 -1.428571335036835865e+00 -1.428571377485618132e+00 -1.042155001497535771e+01 -1.042857140018994322e+01
1.000000000000000000e+00 1.000000000000000000e+00 1.000000000000000000e+00 1.000000000000000000e+00 1.000000000000000000e+00 1.000000000000000000e+00
-1.428571324957802702e+00 -1.428571379357661986e+00 -1.428571334262686454e+00 -1.428571284175616851e+00 -1.042155021054156272e+01 -1.042848719272855362e+01
-1.428567964332681184e+00 -1.428570843492331433e+00 -1.428567964121677969e+00 -1.428569766172871569e+00 -9.592999999999999972e+00 -9.592999999999999972e+00
-1.427145816999999983e+00 -1.427947646500549395e+00 -1.428438457455984967e+00 -1.427947234686458788e+00 -1.041380862416699316e+01 -1.041955533223155506e+01
-1.428559881117700048e+00 -1.428566130191659678e+00 -1.428570340863769772e+00 -1.428569524540301616e+00 -1.042856787608501179e+01 -1.042663176451615570e+01
1.000000000000000000e+00 1.000000000000000000e+00 1.000000000000000000e+00 1.000000000000000000e+00 1.000000000000000000e+00 1.000000000000000000e+00
-1.428532937058999863e+00 -1.428565092246670165e+00 -1.428564868914618202e+00 -1.428553367869042967e+00 -1.042020428230658524e+01 -1.042845725354550801e+01
-1.428570389300592991e+00 -1.428571267540504897e+00 -1.428570978419922088e+00 -1.428571257103904868e+00 -1.042841907710367444e+01 -1.035223525700000025e+01
-1.428569780428654790e+00 -1.428570868636795721e+00 -1.428559881117897667e+00 -1.428569726368289494e+00 -1.041837936783192120e+01 -9.592999999999999972e+00
-1.428570389156298193e+00 -1.428571271865138437e+00 -1.428570389295757970e+00 -1.428571100454663290e+00 -1.042019726631916043e+01 -9.592999999999999972e+00
1.000000000000000000e+00 1.000000000000000000e+00 1.000000000000000000e+00 1.000000000000000000e+00 1.000000000000000000e+00 1.000000000000000000e+00
-8.419000000000000927e-01 5.089999999999999858e+00 -8.419000000000000927e-01 5.269999999999998019e-01 -8.473000000000000753e+00 -8.473000000000000753e+00
-1.423819390000000018e+00 -1.426545219555606980e+00 -1.423821726524752806e+00 -1.427153832023620783e+00 -9.592999999999999972e+00 -9.592999999999999972e+00
-8.419000000000000927e-01 -1.376229659816210704e+00 -1.375771046177623136e+00 -1.252570308727465331e+00 -1.025256999993404428e+01 -1.025203211000000181e+01
-1.412731300000018342e+00 -1.422116129889676062e+00 -1.412824549073915970e+00 -1.422385516905191993e+00 -9.592999999999999972e+00 -1.036293812701714678e+01
1.000000000000000000e+00 1.000000000000000000e+00 1.000000000000000000e+00 1.000000000000000000e+00 1.000000000000000000e+00 1.000000000000000000e+00
-1.428554660391384790e+00 -1.428532937058999863e+00 -1.428565883935796199e+00 -1.428554587415166832e+00 -1.042020987834394852e+01 -1.041960913816900636e+01
-1.428374807875688379e+00 -1.428026094423149539e+00 -1.427158200097123464e+00 -1.423819390000000018e+00 -1.042767466548504807e+01 -1.042715139138047142e+01
-1.428559361985057397e+00 -1.428443123529999914e+00 -1.428532937058806462e+00 -1.428443123529999914e+00 -1.042853274245583606e+01 -1.042853293479390864e+01
-1.428571116790177786e+00 -1.428571399417481569e+00 -1.428571278719105830e+00 -1.428571378618452403e+00 -1.042857012763965230e+01 -1.042021555017943157e+01
1.000000000000000000e+00 1.000000000000000000e+00 1.000000000000000000e+00 1.000000000000000000e+00 1.000000000000000000e+00 1.000000000000000000e+00
-1.428571116790177786e+00 -1.428571276175876870e+00 -1.428571335031040057e+00 -1.428571287378640031e+00 -1.042857130776123142e+01 -1.042021035025710773e+01
-1.428559881117700048e+00 -1.428570334422518906e+00 -1.428567963790607909e+00 -1.428565729691854802e+00 -1.042837957788113634e+01 -1.042618288468683829e+01
-1.428143745098683137e+00 -1.428379801048742959e+00 -1.428379801048742959e+00 -1.428143745092865347e+00 -1.042668760625475954e+01 -1.020377951000000039e+01
-1.428567964335309970e+00 -1.428571101882805339e+00 -1.428569792964768492e+00 -1.428567964335299312e+00 -1.042780753782858127e+01 -1.042856962546741073e+01
1.000000000000000000e+00 1.000000000000000000e+00 1.000000000000000000e+00 1.000000000000000000e+00 1.000000000000000000e+00 1.000000000000000000e+00
-1.428559881117700048e+00 -1.428565884197108282e+00 -1.428567947680131178e+00 -1.428565877699264908e+00 -9.592999999999999972e+00 -1.042848382690179498e+01
-1.428567964535928381e+00 -1.428570744810437221e+00 -1.428570903728091590e+00 -1.428570865800778078e+00 -1.042242309668445444e+01 -1.042848566605387362e+01
-1.428532937058999863e+00 -1.428567964139404456e+00 -1.428566244316999967e+00 -1.428570817845714380e+00 -1.042849336569448937e+01 -1.042847626996583443e+01
-1.428567964335309970e+00 -1.428569836948386795e+00 -1.428569764792614327e+00 -1.428569538401697425e+00 -1.042854790436894952e+01 -1.042631826644087667e+01
1.000000000000000000e+00 1.000000000000000000e+00 1.000000000000000000e+00 1.000000000000000000e+00 1.000000000000000000e+00 1.000000000000000000e+00
-1.252570105782051968e+00 5.268273150699999130e-01 -8.419516402067001026e-01 5.269999999999999130e-01 -9.841899999999752069e+00 -9.592999999999999972e+00
-1.412731299999999912e+00 -1.427906885065259424e+00 -1.423819390034923194e+00 -1.427145816992521299e+00 -9.592999999999999972e+00 -1.042381938102772843e+01
-1.252569999999999961e+00 -1.406998751399000103e+00 -1.406998734569000042e+00 -1.254127975285501684e+00 -1.039934621375000035e+01 -1.019878100000000032e+01
-1.375770999999999855e+00 -1.423819387350889532e+00 -1.412732221731151316e+00 -1.423669821048195061e+00 -1.041264932687000133e+01 -1.041273130000000791e+01
1.000000000000000000e+00 1.000000000000000000e+00 1.000000000000000000e+00 1.000000000000000000e+00 1.000000000000000000e+00 1.000000000000000000e+00
-1.428570389300592991e+00 -1.428571330741029266e+00 -1.428571228010950378e+00 -1.428570981221965797e+00 -1.042842349186394557e+01 -1.042857022095256880e+01
-1.428443123529999914e+00 -1.428553779533136447e+00 -1.428554788624823546e+00 -1.428553408002991132e+00 -1.020382949510000081e+01 -9.592999999999999972e+00
-1.428567964335309970e+00 -1.428569690016413096e+00 -1.428570925110697276e+00 -1.428570384134881133e+00 -1.042855837093017080e+01 -1.042857034962344187e+01
-1.428569678132987075e+00 -1.428559881117700048e+00 -1.428559881117700048e+00 -1.428567964127269496e+00 -1.042848440753887473e+01 -1.042856796407163600e+01
1.000000000000000000e+00 1.000000000000000000e+00 1.000000000000000000e+00 1.000000000000000000e+00 1.000000000000000000e+00 1.000000000000000000e+00
-1.428570389299439691e+00 -1.428559881117700048e+00 -1.428559881117700048e+00 -1.428567964224335407e+00 -1.042848246414421354e+01 -1.042845119520646868e+01
-1.428361447996097544e+00 -1.428143745099999862e+00 -1.428143745099999862e+00 -1.428442479435238832e+00 -1.042826797459358978e+01 -9.592999999999999972e+00
-1.428443123529999914e+00 -1.428512604129134500e+00 -1.428513881382744710e+00 -1.428513922953914994e+00 -1.041930793325487770e+01 -1.041824863325487804e+01
-1.428570389300592991e+00 -1.428571247722119075e+00 -1.428570969492018561e+00 -1.428571116771248706e+00 -1.042846874349543640e+01 -1.042632320072227436e+01
1.000000000000000000e+00 1.000000000000000000e+00 1.000000000000000000e+00 1.000000000000000000e+00 1.000000000000000000e+00 1.000000000000000000e+00
-1.428567964335309970e+00 -1.428569719091192347e+00 -1.428569388135861873e+00 -1.428569605270608944e+00 -1.042856303932808082e+01 -1.039786115642900199e+01
-1.428559881117700048e+00 -1.428569384822934607e+00 -1.428569757916687610e+00 -1.428569743039209694e+00 -1.042795908111230752e+01 -1.042848605317247923e+01
-1.428551849971128052e+00 -1.428564802048077009e+00 -1.428443131324808935e+00 -1.428554531675035877e+00 -1.042630716287682624e+01 -1.042855489040485573e+01
-1.428559881086107541e+00 -1.428564887247952608e+00 -1.428559880993137243e+00 -1.428565883935796199e+00 -9.592999999999999972e+00 -1.042729381600387306e+01
1.000000000000000000e+00 1.000000000000000000e+00 1.000000000000000000e+00 1.000000000000000000e+00 1.000000000000000000e+00 1.000000000000000000e+00
-1.375771000000002742e+00 -1.427822404419263336e+00 -1.422098150691224250e+00 -1.412823473923663364e+00 -1.041215228380274738e+01 -9.592999999999999972e+00
-1.375597332200522604e+00 -8.419000000000000927e-01 -1.359938762620999997e+00 -1.406998734569000042e+00 -1.025367354824140165e+01 -1.025404246823466536e+01
-1.375770999999999855e+00 -1.423876179047227186e+00 -1.423819218752838900e+00 -1.412823484504818872e+00 -1.040453398700000243e+01 -1.041280265134167138e+01
-1.252569999999999961e+00 -1.407500546819389964e+00 -1.361372835140000070e+00 -1.375772319343479877e+00 -9.592999999999999972e+00 -1.037575330130358786e+01
1.000000000000000000e+00 1.000000000000000000e+00 1.000000000000000000e+00 1.000000000000000000e+00 1.000000000000000000e+00 1.000000000000000000e+00
-1.428571116790177786e+00 -1.428571378009312554e+00 -1.428571239377942836e+00 -1.428571116790177786e+00 -1.042644625596444463e+01 -1.042791399828216825e+01
-1.428532937058999863e+00 -1.428551936064855754e+00 -1.428566353332839656e+00 -1.428553452750668029e+00 -1.042020442404219160e+01 -9.592999999999999972e+00
-1.428570389295552578e+00 -1.428571262175386991e+00 -1.428570906700925347e+00 -1.428570389299197663e+00 -1.042842541033775561e+01 -1.041953140428575608e+01
-1.428567964046128180e+00 -1.428532937058999863e+00 -1.428532937058999863e+00 -1.428567943326608969e+00 -9.592999999999999972e+00 -1.042855698847420598e+01
1.000000000000000000e+00 1.000000000000000000e+00 1.000000000000000000e+00 1.000000000000000000e+00 1.000000000000000000e+00 1.000000000000000000e+00
-1.428566458961535446e+00 -1.428532937058999863e+00 -1.428532937058999863e+00 -1.428565566411444498e+00 -1.042855965133193941e+01 -1.042020428230652307e+01
-1.428438315245236900e+00 -1.427145816999999983e+00 -1.427145816999999983e+00 -1.428368256063018871e+00 -1.042746117387023297e+01 -9.592999999999999972e+00
-1.428532937041180118e+00 -1.428553739729318428e+00 -1.428565168859643686e+00 -1.428532935629197587e+00 -1.042853267798355610e+01 -1.042837740080618758e+01
-1.428571116790166018e+00 -1.428571283665152958e+00 -1.428571400004093883e+00 -1.428571116789881135e+00 -1.042662689941591658e+01 -1.042856631448544213e+01
1.000000000000000000e+00 1.000000000000000000e+00 1.000000000000000000e+00 1.000000000000000000e+00 1.000000000000000000e+00 1.000000000000000000e+00
-1.428570389254314454e+00 -1.428570870976707319e+00 -1.428570908418687502e+00 -1.428570389300138022e+00 -9.592999999999999972e+00 -9.592999999999999972e+00
-1.428532937058999863e+00 -1.428569256735601867e+00 -1.428569429405483593e+00 -1.428569708947450723e+00 -1.042855987363006065e+01 -1.042782682587692200e+01
-1.428143745099999862e+00 -1.428553719284472834e+00 -1.428517568528009374e+00 -1.428552505536483830e+00 -1.042771123586510029e+01 -1.035223525700000025e+01
-1.428532937058999863e+00 -1.428565093926522866e+00 -1.428553350058396454e+00 -1.428553339824506940e+00 -1.042723482738135132e+01 -9.592999999999999972e+00
1.000000000000000000e+00 1.000000000000000000e+00 1.000000000000000000e+00 1.000000000000000000e+00 1.000000000000000000e+00 1.000000000000000000e+00
-1.412731299999999912e+00 -1.427145817000867067e+00 -1.427877050997557129e+00 -1.412731313709951086e+00 -1.042373639777859040e+01 -1.042381938991691825e+01
-1.254099227049978893e+00 5.269999999999999130e-01 5.268263153679999533e-01 -1.252570001022180968e+00 -9.839411000000001906e+00 -9.841936231413964009e+00
-1.412731299999999912e+00 -1.427145816950920354e+00 -1.427146063626178352e+00 -1.412731300002076473e+00 -1.042381938169180522e+01 -1.042381939000000202e+01
-8.419000000000000927e-01 -1.358302067000000113e+00 -1.358403720200000109e+00 -1.376053069515289939e+00 -9.592999999999999972e+00 -9.592999999999999972e+00
1.000000000000000000e+00 1.000000000000000000e+00 1.000000000000000000e+00 1.000000000000000000e+00 1.000000000000000000e+00 1.000000000000000000e+00
-1.428571334530630788e+00 -1.428571410176230794e+00 -1.428571370188388645e+00 -1.428571334467789722e+00 -1.042021529742119057e+01 -1.042856923205727426e+01
-1.428559880756402167e+00 -1.428569486413182821e+00 -1.428567932800765883e+00 -1.428559942541962391e+00 -1.042631662997982289e+01 -1.042855090998545364e+01
-1.428571116751376380e+00 -1.428571272368124756e+00 -1.428571268140484962e+00 -1.428571115263001179e+00 -1.042855406924631012e+01 -1.035223525700000025e+01
-1.428559805025666263e+00 -1.428443123529999914e+00 -1.428532563252858711e+00 -1.428514765214966564e+00 -1.042830209329315139e+01 -1.042853001603757157e+01
1.000000000000000000e+00 1.000000000000000000e+00 1.000000000000000000e+00 1.000000000000000000e+00 1.000000000000000000e+00 1.000000000000000000e+00
-1.428520487816276274e+00 -1.428443123529999914e+00 -1.428532935025186301e+00 -1.428559880084912637e+00 -1.042853274556064669e+01 -1.042853188309932122e+01
-1.428141000605468003e+00 -1.423819390000000018e+00 -1.427145816392406674e+00 -1.427862679561325621e+00 -1.041880435883000011e+01 -1.042714580865854046e+01
-1.428559819909626327e+00 -1.428565891731836901e+00 -1.428566009096463585e+00 -1.428559837237503238e+00 -1.042015891486902035e+01 -1.035223525700000025e+01
-1.428571335031279199e+00 -1.428571380663078871e+00 -1.428571379319129031e+00 -1.428571334959763295e+00 -1.042188104803310367e+01 -1.042780630362662819e+01
1.000000000000000000e+00 1.000000000000000000e+00 1.000000000000000000e+00 1.000000000000000000e+00 1.000000000000000000e+00 1.000000000000000000e+00
-1.428571116709400401e+00 -1.428571261516478508e+00 -1.428571257575239395e+00 -1.428571116747657577e+00 -9.592999999999999972e+00 -1.042857131560482031e+01
-1.428559881117757779e+00 -1.428569430144544627e+00 -1.428569519084994521e+00 -1.428569523488109727e+00 -1.042828374719936591e+01 -1.042855832076419986e+01
-1.428516478931981970e+00 -1.428551206025407749e+00 -1.428516493632862261e+00 -1.428443123530072079e+00 -1.042765410692842210e+01 -1.042015911983783916e+01
-1.428553381126191013e+00 -1.428565751824606656e+00 -1.428553367869042967e+00 -1.428559811334314089e+00 -1.042846397553654114e+01 -9.592999999999999972e+00
1.000000000000000000e+00 1.000000000000000000e+00 1.000000000000000000e+00 1.000000000000000000e+00 1.000000000000000000e+00 1.000000000000000000e+00
-1.423819392972298647e+00 -1.428130222313658271e+00 -1.427145817000000649e+00 -1.423819390000000018e+00 -1.042714581699993559e+01 -1.042714494398270908e+01
-8.419000000003581397e-01 5.089999999999999858e+00 5.269999999982732941e-01 -8.419000000000000927e-01 -8.473000000172579149e+00 -8.473000000172579149e+00
-1.426675612396115067e+00 -1.427916416053551796e+00 -1.427140630415815847e+00 -1.423819390027743159e+00 -1.042706240325050970e+01 -1.035223525700000025e+01
-1.252569999999999961e+00 -1.412726010699256962e+00 -1.375770999999999855e+00 -1.252570000010665652e+00 -1.037577099992172336e+01 -1.037577099999766084e+01
1.000000000000000000e+00 1.000000000000000000e+00 1.000000000000000000e+00 1.000000000000000000e+00 1.000000000000000000e+00 1.000000000000000000e+00
-1.428567964335146767e+00 -1.428532937058999863e+00 -1.428567964319819694e+00 -1.428559933752748590e+00 -1.042855904555781876e+01 -1.042855988111686827e+01
-1.428516446703577358e+00 -1.423819390000000018e+00 -1.428146114758955809e+00 -1.427158198094816477e+00 -1.041880435883000011e+01 -1.042714567202335729e+01
-1.428510119541676726e+00 -1.428443123529999914e+00 -1.428521774414860834e+00 -1.428512598921964027e+00 -9.592999999999999972e+00 -9.592999999999999972e+00
-1.428571379809226771e+00 -1.428571399357134064e+00 -1.428571116790177786e+00 -1.428571301358586121e+00 -1.042857042723004568e+01 -1.040795063016272692e+01
1.000000000000000000e+00 1.000000000000000000e+00 1.000000000000000000e+00 1.000000000000000000e+00 1.000000000000000000e+00 1.000000000000000000e+00
-1.428571246043568888e+00 -1.428571268495726132e+00 -1.428571116790177786e+00 -1.428571264723298206e+00 -1.042842370792835460e+01 -1.042830511162091689e+01
-1.428566115795554259e+00 -1.428569766317865808e+00 -1.428559881117700048e+00 -1.428565538614768426e+00 -1.042019497642220571e+01 -1.042848249676313444e+01
-1.423819390000000018e+00 -1.428143744981298147e+00 -1.428143745099974105e+00 -1.427145621179774171e+00 -1.042714580865854046e+01 -1.042714581699997112e+01
-1.428532937058999863e+00 -1.428567964335309748e+00 -1.428567964335281548e+00 -1.428559880545682059e+00 -1.042855988111625187e+01 -1.042855988111636734e+01
1.000000000000000000e+00 1.000000000000000000e+00 1.000000000000000000e+00 1.000000000000000000e+00 1.000000000000000000e+00 1.000000000000000000e+00
-1.428443123529999914e+00 -1.428559880464407739e+00 -1.428559823469319312e+00 -1.428532937059001862e+00 -1.042017760768841050e+01 -1.042853293504401080e+01
-1.428570868778526570e+00 -1.428571116765684712e+00 -1.428567964335309970e+00 -1.428569726368289494e+00 -1.042856436561806355e+01 -1.035987809452099917e+01
-1.428566103919489017e+00 -1.428569718051981852e+00 -1.428532937058999863e+00 -1.428569557998613959e+00 -1.042856972264139515e+01 -1.042020428230673090e+01
-1.428569561276921140e+00 -1.428571103611807169e+00 -1.428567964335309970e+00 -1.428569614411598243e+00 -1.035228524210000067e+01 -1.042856954044399309e+01
1.000000000000000000e+00 1.000000000000000000e+00 1.000000000000000000e+00 1.000000000000000000e+00 1.000000000000000000e+00 1.000000000000000000e+00
-1.252569999999999295e+00 5.269999999999999130e-01 -1.252569952109509943e+00 -8.419003577826053020e-01 -9.841900000000000759e+00 -9.841899999975126434e+00
-1.427145817000000649e+00 -1.427145816999999983e+00 -1.412731299999999912e+00 -1.423819392809579476e+00 -1.042381938610254366e+01 -1.042381938999999136e+01
5.269999999999999130e-01 -1.252570000010574613e+00 -1.252569999999999961e+00 -8.419000000000000927e-01 -9.841900000000006088e+00 -9.841900000000000759e+00
-1.423846438489852373e+00 -1.423819389852229111e+00 -1.375770999999999855e+00 -1.412731309512885725e+00 -1.041273049085496893e+01 -9.592999999999999972e+00
1.000000000000000000e+00 1.000000000000000000e+00 1.000000000000000000e+00 1.000000000000000000e+00 1.000000000000000000e+00 1.000000000000000000e+00
-1.428565879939957428e+00 -1.428559884211346498e+00 -1.428570389299855359e+00 -1.428559881117700048e+00 -1.042856795406328096e+01 -1.042856796166880962e+01
-1.428442489993474229e+00 -1.427145899953691011e+00 -1.428443119118290250e+00 -1.427145816999999983e+00 -1.042814307175002675e+01 -1.042813615425118989e+01
-1.428565496545244118e+00 -1.428532937058999863e+00 -1.428567846378856476e+00 -1.428532937058999863e+00 -1.042855988041266713e+01 -1.042855896859366460e+01
-1.428571327415227188e+00 -1.428571334168840412e+00 -1.428570389300592991e+00 -1.428571334716009167e+00 -1.042848112090323376e+01 -1.042021540093320731e+01
1.000000000000000000e+00 1.000000000000000000e+00 1.000000000000000000e+00 1.000000000000000000e+00 1.000000000000000000e+00 1.000000000000000000e+00
-1.428571275031884635e+00 -1.428571335029292566e+00 -1.428570389300592991e+00 -1.428570872048169571e+00 -1.041998438281050277e+01 -1.042857045617534162e+01
-1.428565998693187566e+00 -1.428567961474140002e+00 -1.428532937058999863e+00 -1.428567964334417795e+00 -1.042855255357432043e+01 -1.042855987828567699e+01
-1.428443122948876320e+00 -1.428443073313970135e+00 -1.428443123426732075e+00 -1.427145816999999983e+00 -1.042814373674841200e+01 -1.042814374501532093e+01
-1.428570338877677370e+00 -1.428570389295461762e+00 -1.428569626914198087e+00 -1.428559881117700048e+00 -1.042021228469195648e+01 -1.042021228469195648e+01
1.000000000000000000e+00 1.000000000000000000e+00 1.000000000000000000e+00 1.000000000000000000e+00 1.000000000000000000e+00 1.000000000000000000e+00
-1.428565161806760964e+00 -1.428567977246841592e+00 -1.428567830434144703e+00 -1.428532937058999863e+00 -1.042855987324052336e+01 -1.042855898811379589e+01
-1.428569804165036317e+00 -1.428570400041273336e+00 -1.428559881117700048e+00 -1.428569429298362392e+00 -1.042856711113790524e+01 -1.042609181415631880e+01
-1.428554182106675174e+00 -1.428559947973073951e+00 -1.428443123529999914e+00 -1.428559884688639814e+00 -1.042853293699103290e+01 -1.042853293890596156e+01
-1.428565897885104130e+00 -1.428570353515953961e+00 -1.428559881117700048e+00 -1.428570380258180172e+00 -9.592999999999999972e+00 -1.042856592660749016e+01
1.000000000000000000e+00 1.000000000000000000e+00 1.000000000000000000e+00 1.000000000000000000e+00 1.000000000000000000e+00 1.000000000000000000e+00
-1.375770999840712383e+00 -8.419000000000000927e-01 -1.375771000000029609e+00 -8.419000000000000927e-01 -1.025256999999999508e+01 -1.025256999999994889e+01
-1.423789365509628313e+00 -1.423819390000000018e+00 -1.375770999999999855e+00 -1.423819390000000018e+00 -1.041273130000000080e+01 -1.041273130000000080e+01
-1.375771183408474263e+00 -1.375771000095069363e+00 -1.375770999855803423e+00 -8.419000000000000927e-01 -1.025257000000000041e+01 -1.025258548391710534e+01
-1.412731300000000800e+00 -1.412731299999276269e+00 -1.252569999999999961e+00 -1.412731308757596782e+00 -1.037577099992206797e+01 -1.037577099999997543e+01
1.000000000000000000e+00 1.000000000000000000e+00 1.000000000000000000e+00 1.000000000000000000e+00 1.000000000000000000e+00 1.000000000000000000e+00
-1.428571113950054983e+00 -1.428571116788458495e+00 -1.428571116677647357e+00 -1.428567964335309970e+00 -1.042857038921098223e+01 -1.042857038088761534e+01
-1.428552245272505683e+00 -1.428532734220018474e+00 -1.428515164538919358e+00 -1.428143745099999862e+00 -1.042008869229470136e+01 -1.042008869229470136e+01
-1.428570333904579881e+00 -1.428569757762402803e+00 -1.428566049228700230e+00 -1.428559881117700048e+00 -1.042856644875272210e+01 -1.042854494144095234e+01
-1.428569711568289380e+00 -1.428567964335309970e+00 -1.428567964335309970e+00 -1.428571114577525947e+00 -1.042857037521898000e+01 -1.019878100000000032e+01
1.000000000000000000e+00 1.000000000000000000e+00 1.000000000000000000e+00 1.000000000000000000e+00 1.000000000000000000e+00 1.000000000000000000e+00
-1.428571116766495397e+00 -1.428567964335309970e+00 -1.428567964335309970e+00 -1.428571114406452125e+00 -1.042856361402329313e+01 -1.042021468540758811e+01
-1.428559429801371961e+00 -1.428443123529999914e+00 -1.428443123529999914e+00 -1.428559881117657415e+00 -1.042853292142140909e+01 -1.019878100000000032e+01
-1.428531299350590533e+00 -1.428384858271516400e+00 -1.428532921667376332e+00 -1.428143745099999862e+00 -1.042844312352713665e+01 -1.042008869229470136e+01
-1.428571116661410567e+00 -1.428571103597016112e+00 -1.428571102570789231e+00 -1.428567964335309970e+00 -1.042857038287345617e+01 -1.042857038921064827e+01
1.000000000000000000e+00 1.000000000000000000e+00 1.000000000000000000e+00 1.000000000000000000e+00 1.000000000000000000e+00 1.000000000000000000e+00
-1.428569762429904966e+00 -1.428570389261330398e+00 -1.428566356173602170e+00 -1.428559881117700048e+00 -1.042856796202527114e+01 -1.042856140127159748e+01
-1.428567935430425484e+00 -1.428567964124711764e+00 -1.428532937058999863e+00 -1.428566445323089962e+00 -1.042855987668939122e+01 -1.042845537183973548e+01
-1.428533055664106266e+00 -1.428552314007157209e+00 -1.428143745099999862e+00 -1.428532940264654272e+00 -1.019878100000000032e+01 -1.042844312344754520e+01
-1.428567964335279550e+00 -1.428567815571849753e+00 -1.428532937058999863e+00 -1.428567964179540128e+00 -1.042855987276210072e+01 -1.042853520302851145e+01
1.000000000000000000e+00 1.000000000000000000e+00 1.000000000000000000e+00 1.000000000000000000e+00 1.000000000000000000e+00 1.000000000000000000e+00
-1.412731300012120217e+00 -1.412731471210805667e+00 -1.412731299999999912e+00 -1.252569999999999961e+00 -1.037577099992172336e+01 -1.037577100000000030e+01
-1.412731300005582558e+00 -1.252570000000139849e+00 -1.252569999999999961e+00 -1.412731299999999912e+00 -1.037577100000000030e+01 -1.037577102360490500e+01
-1.412731299950170660e+00 -1.412731299999999912e+00 -1.412731299999999912e+00 -1.252569999999999961e+00 -1.037600720052384062e+01 -1.037577100000000030e+01
-1.375771001632760226e+00 -1.375770999999999855e+00 -8.419000000000000927e-01 -1.375771001267312332e+00 -1.025256999340565223e+01 -1.025257000000000218e+01
1.000000000000000000e+00 1.000000000000000000e+00 1.000000000000000000e+00 1.000000000000000000e+00 1.000000000000000000e+00 1.000000000000000000e+00
-1.428571268126731963e+00 -1.428571330765628256e+00 -1.428571334166692131e+00 -1.428570389300592991e+00 -1.042848139029456611e+01 -1.042856922070931702e+01
-1.428553684699658044e+00 -1.428559412566533071e+00 -1.428559410320603185e+00 -1.428443123529999914e+00 -1.042852949420154296e+01 -1.042853281313478853e+01
-1.428571099853144011e+00 -1.428571100666857330e+00 -1.428569763666996284e+00 -1.428567964335309970e+00 -1.042854724649775555e+01 -1.042826161637723281e+01
-1.428570335731458307e+00 -1.428559881117700048e+00 -1.428559881117700048e+00 -1.428570341723642612e+00 -1.040630069646188183e+01 -1.042005309350683362e+01
1.000000000000000000e+00 1.000000000000000000e+00 1.000000000000000000e+00 1.000000000000000000e+00 1.000000000000000000e+00 1.000000000000000000e+00
-1.428570344431671524e+00 -1.428559881117700048e+00 -1.428559881117700048e+00 -1.428569730528376880e+00 -1.020483881000000004e+01 -9.592999999999999972e+00
-1.428363006976459015e+00 -1.428143745099999862e+00 -1.428143745099999862e+00 -1.428379024386179363e+00 -9.592999999999999972e+00 -1.041962698625883377e+01
-1.428559408308846423e+00 -1.428559777373232809e+00 -1.428559786721080638e+00 -1.428443123529999914e+00 -1.041962242192482968e+01 -9.592999999999999972e+00
-1.428571330396395167e+00 -1.428571334990317743e+00 -1.428571334431557593e+00 -1.428570389300592991e+00 -1.042802210725091250e+01 -9.592999999999999972e+00
1.000000000000000000e+00 1.000000000000000000e+00 1.000000000000000000e+00 1.000000000000000000e+00 1.000000000000000000e+00 1.000000000000000000e+00
-1.428571113092949485e+00 -1.428569639388951762e+00 -1.428569341371447754e+00 -1.428567964335309970e+00 -1.042021468540758811e+01 -1.041436102041847711e+01
-1.428443123529999914e+00 -1.428559881820795630e+00 -1.428565642052822549e+00 -1.428559840577209084e+00 -1.042853293705899986e+01 -1.042844938376529385e+01
-1.427145816999999983e+00 -1.428443130032692521e+00 -1.428445296580306945e+00 -1.428443123530552805e+00 -1.042814374508069264e+01 -1.042814086534686524e+01
-1.428443123529999914e+00 -1.428559876412580421e+00 -1.428559795410668798e+00 -1.428559818871937726e+00 -1.042853204104780573e+01 -1.042853292870369053e+01
1.000000000000000000e+00 1.000000000000000000e+00 1.000000000000000000e+00 1.000000000000000000e+00 1.000000000000000000e+00 1.000000000000000000e+00
-1.423819390000000018e+00 -1.423819390000000018e+00 -1.423819390082981640e+00 -1.375770999999999855e+00 -1.041273130000000080e+01 -1.041273130000086944e+01
-1.375770999999999855e+00 -8.419000000000000927e-01 -8.419000000000000927e-01 -1.375770999999999855e+00 -1.025257000000000041e+01 -1.025257000000000041e+01
-1.423819389999999796e+00 -1.423819389999860574e+00 -1.423819388421767584e+00 -1.375770999999999855e+00 -1.041273130000000080e+01 -1.041273129999999369e+01
5.269999999999999130e-01 -1.252570000000002182e+00 -1.252569999522777922e+00 -1.252569999999935124e+00 -9.841900000000000759e+00 -9.841899999975110447e+00
1.000000000000000000e+00 1.000000000000000000e+00 1.000000000000000000e+00 1.000000000000000000e+00 1.000000000000000000e+00 1.000000000000000000e+00
-1.428571268145777839e+00 -1.428571374179373965e+00 -1.428571281291931339e+00 -1.428571116790177786e+00 -1.042830036480412303e+01 -1.042769192057082783e+01
-1.428565265432571119e+00 -1.428566089608716450e+00 -1.428553775558513594e+00 -1.428532937058999863e+00 -1.042786566929977710e+01 -1.019878100000000032e+01
-1.428571258635671803e+00 -1.428571333220598483e+00 -1.428570905995064866e+00 -1.428570389300592991e+00 -1.042626815592340073e+01 -1.042836955569985413e+01
-1.428567962875681330e+00 -1.428532937058999863e+00 -1.428559815985213532e+00 -1.428567963128018370e+00 -1.042847587035789658e+01 -1.042782682587692200e+01
1.000000000000000000e+00 1.000000000000000000e+00 1.000000000000000000e+00 1.000000000000000000e+00 1.000000000000000000e+00 1.000000000000000000e+00
-1.428566846402463897e+00 -1.428532937058999863e+00 -1.428553367869042967e+00 -1.428553353073849452e+00 -9.592999999999999972e+00 -1.042849802727450026e+01
-1.428442263822577329e+00 -1.427145816999999983e+00 -1.428141780178328268e+00 -1.428437337387121309e+00 -1.042812130867648968e+01 -1.042566997243875448e+01
-1.428550269869838019e+00 -1.428553722771920720e+00 -1.428559770743639046e+00 -1.428532937058999863e+00 -1.039939075047410100e+01 -1.042625717472272662e+01
-1.428571278270640121e+00 -1.428571373399486033e+00 -1.428571256793149447e+00 -1.428571116790177786e+00 -1.042004543175286280e+01 -1.042847044286173208e+01
1.000000000000000000e+00 1.000000000000000000e+00 1.000000000000000000e+00 1.000000000000000000e+00 1.000000000000000000e+00 1.000000000000000000e+00
-1.428571331462012539e+00 -1.428570937792487339e+00 -1.428571114796590491e+00 -1.428570389300592769e+00 -1.042797383006347012e+01 -1.042834290139034081e+01
-1.428532937058999863e+00 -1.428565943285316608e+00 -1.428565651362995848e+00 -1.428565213566350911e+00 -9.592999999999999972e+00 -9.592999999999999972e+00
-1.428509333337213638e+00 -1.428516413194188539e+00 -1.428512729744526366e+00 -1.428143745464661718e+00 -9.592999999999999972e+00 -1.042763843894917741e+01
-1.428532937044118434e+00 -1.428553250403955532e+00 -1.428553367869042967e+00 -1.428532935624685862e+00 -1.020377951000000039e+01 -9.592999999999999972e+00
1.000000000000000000e+00 1.000000000000000000e+00 1.000000000000000000e+00 1.000000000000000000e+00 1.000000000000000000e+00 1.000000000000000000e+00
-1.427813953346388942e+00 -1.427961353400906575e+00 -1.427961324795979259e+00 -1.412731299999999912e+00 -1.041409758199689151e+01 -9.592999999999999972e+00
-1.252570000000111872e+00 5.269999999999999130e-01 -8.419000000000002037e-01 -1.252569999999999961e+00 -9.841900000000000759e+00 -9.841899999999752069e+00
-1.426306955240198571e+00 -1.426538223734393540e+00 -1.426538223734393540e+00 -1.412731299999999912e+00 -1.042319241711447830e+01 -1.035223525700000025e+01
-8.419000000000000927e-01 -1.375496340472558643e+00 -1.252569999995732486e+00 -1.204679510000000064e+00 -1.025256999340430042e+01 -1.025256995125999637e+01
1.000000000000000000e+00 1.000000000000000000e+00 1.000000000000000000e+00 1.000000000000000000e+00 1.000000000000000000e+00 1.000000000000000000e+00
-1.428565883935796199e+00 -1.428559881117700048e+00 -1.428567945585768273e+00 -1.428566074673639497e+00 -1.041380862416699316e+01 -9.592999999999999972e+00
-1.428513924072657870e+00 -1.427145818246372322e+00 -1.428512598921964027e+00 -1.428151135364441160e+00 -9.592999999999999972e+00 -1.042777844460172965e+01
-1.428553775967859707e+00 -1.428532933300118879e+00 -1.428553367869042967e+00 -1.428552535374379096e+00 -1.042778399841560955e+01 -1.042621389920247488e+01
-1.428571413792291356e+00 -1.428571335037052581e+00 -1.428571380752272413e+00 -1.428571379489464999e+00 -1.042848171769544763e+01 -1.042857004351455075e+01
1.000000000000000000e+00 1.000000000000000000e+00 1.000000000000000000e+00 1.000000000000000000e+00 1.000000000000000000e+00 1.000000000000000000e+00
-1.428571381443078714e+00 -1.428571335037053025e+00 -1.428571400279669890e+00 -1.428571400266418490e+00 -9.592999999999999972e+00 -1.042857117956490853e+01
-1.428569727619854568e+00 -1.428567964332984053e+00 -1.428569799943115504e+00 -1.428569726368289494e+00 -1.042775115348147708e+01 -1.042855475991828129e+01
-1.412731299999999912e+00 -1.427145742262687422e+00 -1.423819217872028142e+00 -1.423819389985587103e+00 -1.042373630806097573e+01 -1.042357465323899035e+01
-1.428443123529999914e+00 -1.428559881117599684e+00 -1.428532937078346388e+00 -1.428550882538577760e+00 -1.042853293705816142e+01 -1.042853293705780793e+01
1.000000000000000000e+00 1.000000000000000000e+00 1.000000000000000000e+00 1.000000000000000000e+00 1.000000000000000000e+00 1.000000000000000000e+00
-1.428143745099999862e+00 -1.428516985457975119e+00 -1.428443130622618629e+00 -1.428512598921964027e+00 -1.042812379298179337e+01 -1.042844311525169765e+01
-1.428570905995065310e+00 -1.428570389300593213e+00 -1.428570960794750544e+00 -1.428570940243654386e+00 -1.042856458594434343e+01 -1.042857125832675891e+01
-1.428565884875437675e+00 -1.428559881117700714e+00 -1.428565750810153245e+00 -1.428565733970301288e+00 -9.592999999999999972e+00 -1.042848059079563683e+01
-1.428570831549021314e+00 -1.428570389300592769e+00 -1.428570831681051034e+00 -1.428570951815116175e+00 -9.592999999999999972e+00 -1.042857106976215675e+01
1.000000000000000000e+00 1.000000000000000000e+00 1.000000000000000000e+00 1.000000000000000000e+00 1.000000000000000000e+00 1.000000000000000000e+00
-1.375770824078299981e+00 -8.419000000000000927e-01 -1.252569999995227779e+00 -1.252569999471109918e+00 -1.025250404300000184e+01 -1.025250404300000184e+01
-1.428143745097767647e+00 -1.423819390000000018e+00 -1.427154110098685091e+00 -1.427145817801417582e+00 -1.042714581680795405e+01 -1.042713874495891702e+01
5.089999999999999858e+00 -8.419000000005113504e-01 5.269999999999999130e-01 5.269999999999999130e-01 -8.473000000000000753e+00 -8.473000000000000753e+00
-1.427145816999948025e+00 -1.412731299999999912e+00 -1.423819392764729796e+00 -1.426538223734393540e+00 -1.042156900610000037e+01 -1.042381938169180522e+01
1.000000000000000000e+00 1.000000000000000000e+00 1.000000000000000000e+00 1.000000000000000000e+00 1.000000000000000000e+00 1.000000000000000000e+00
-1.428569766358759319e+00 -1.428567964335309970e+00 -1.428569964150803173e+00 -1.428570384448183628e+00 -1.042844830849202431e+01 -1.042857036527293424e+01
-1.428532935149832817e+00 -1.428143745099999862e+00 -1.428551041093882645e+00 -1.428443818355751072e+00 -1.042841710319659398e+01 -1.042584917367891784e+01
-1.428566341721410948e+00 -1.428559881117700048e+00 -1.428565024310288756e+00 -1.428565508755117230e+00 -1.042856546005073959e+01 -1.042021228469195648e+01
-1.428571248183931219e+00 -1.428571116790166018e+00 -1.428571116789194351e+00 -1.428571278427069435e+00 -1.042848721991980021e+01 -9.592999999999999972e+00
1.000000000000000000e+00 1.000000000000000000e+00 1.000000000000000000e+00 1.000000000000000000e+00 1.000000000000000000e+00 1.000000000000000000e+00
-1.428571288230547021e+00 -1.428571116732049395e+00 -1.428571116788613926e+00 -1.428571271699510481e+00 -9.592999999999999972e+00 -9.592999999999999972e+00
-1.428565132464115539e+00 -1.428559880179412378e+00 -1.428559824139541412e+00 -1.428565883935796199e+00 -1.042021035025710773e+01 -1.042854500985384192e+01
-1.428354965786746922e+00 -1.428143745099999862e+00 -1.428390688362132677e+00 -1.428366447113022630e+00 -1.042620708039467914e+01 -9.592999999999999972e+00
-1.428569836642547441e+00 -1.428567964335309970e+00 -1.428569502014657155e+00 -1.428569868919768115e+00 -1.041965022406763808e+01 -9.592999999999999972e+00
1.000000000000000000e+00 1.000000000000000000e+00 1.000000000000000000e+00 1.000000000000000000e+00 1.000000000000000000e+00 1.000000000000000000e+00
-1.428566248567804786e+00 -1.428559881117700048e+00 -1.428569315293463093e+00 -1.428569499597142300e+00 -1.042854631518269848e+01 -1.042000563123741408e+01
-1.428569762626319628e+00 -1.428569798679154346e+00 -1.428567964335368812e+00 -1.428569848868229908e+00 -1.041380877262274041e+01 -1.041395471403273199e+01
-1.428555207232715674e+00 -1.428532937146466786e+00 -1.428553327219531432e+00 -1.428553800820848263e+00 -1.042625718935808443e+01 -9.592999999999999972e+00
-1.428569711857543334e+00 -1.428567952119095263e+00 -1.428567964151462588e+00 -1.428569726368289494e+00 -9.592999999999999972e+00 -9.592999999999999972e+00
1.000000000000000000e+00 1.000000000000000000e+00 1.000000000000000000e+00 1.000000000000000000e+00 1.000000000000000000e+00 1.000000000000000000e+00
-1.405464208828999917e+00 -1.252569999999999961e+00 -1.422233517689833748e+00 -1.376083277691877438e+00 -9.592999999999999972e+00 -1.036794675187538850e+01
-1.420715194995370245e+00 -1.412823710533469113e+00 -1.412730868126496064e+00 -1.421948611512682925e+00 -9.592999999999999972e+00 -9.592999999999999972e+00
-1.407469855967989902e+00 -1.252570001545054268e+00 -1.408847285591087628e+00 -1.421764532903110556e+00 -1.041362454555742012e+01 -9.592999999999999972e+00
-1.408426709795585152e+00 -1.375770999999999855e+00 -1.407942113693237074e+00 -1.412688217407981339e+00 -1.041273304933950783e+01 -1.040453398700089593e+01
1.000000000000000000e+00 1.000000000000000000e+00 1.000000000000000000e+00 1.000000000000000000e+00 1.000000000000000000e+00 1.000000000000000000e+00
-1.428570907081474273e+00 -1.428570389299616217e+00 -1.428570968932870500e+00 -1.428570389255413575e+00 -1.042015501305263392e+01 -1.019878100000000032e+01
-1.428553379713660920e+00 -1.428443819439290108e+00 -1.428552125008203388e+00 -1.428513854548614681e+00 -9.592999999999999972e+00 -1.042855193008843706e+01
-1.428569726357266312e+00 -1.428567964321663109e+00 -1.428569726368289494e+00 -1.428567964101393750e+00 -1.042849903833170266e+01 -1.039934571389900242e+01
-1.428571333832104884e+00 -1.428570389300592991e+00 -1.428570905995064866e+00 -1.428571334968070872e+00 -1.042856885065529049e+01 -9.592999999999999972e+00
1.000000000000000000e+00 1.000000000000000000e+00 1.000000000000000000e+00 1.000000000000000000e+00 1.000000000000000000e+00 1.000000000000000000e+00
-1.428570948981767730e+00 -1.428570389300592991e+00 -1.428570905995064866e+00 -1.428571327687440773e+00 -9.592999999999999972e+00 -1.042021540562226001e+01
-1.428554473397210867e+00 -1.428532937058999863e+00 -1.428554169968197396e+00 -1.428553749508509441e+00 -9.592999999999999972e+00 -1.042847624768645254e+01
-1.428518660106556259e+00 -1.428442753322215264e+00 -1.428512598921964027e+00 -1.428443115980815525e+00 -9.592999999999999972e+00 -1.042450897627858986e+01
-1.428570905996513929e+00 -1.428570389300592991e+00 -1.428570926393163187e+00 -1.428570389310700683e+00 -1.042857110830000344e+01 -1.042857034158896745e+01
1.000000000000000000e+00 1.000000000000000000e+00 1.000000000000000000e+00 1.000000000000000000e+00 1.000000000000000000e+00 1.000000000000000000e+00
-1.428570881215634580e+00 -1.428567964346826313e+00 -1.428569727619896312e+00 -1.428569485628811142e+00 -9.698930000000000717e+00 -1.042856838542087239e+01
-1.428569767991624051e+00 -1.428559881117700048e+00 -1.428569764792614327e+00 -1.428570381901461017e+00 -1.042856712876734449e+01 -1.042810357893917228e+01
-1.428565602797404743e+00 -1.428443123531296211e+00 -1.428553367869042967e+00 -1.428552630471100260e+00 -1.042573024054911457e+01 -1.042017760772691659e+01
-1.428569605066730697e+00 -1.428559881117700048e+00 -1.428566005701375596e+00 -1.428569173766429445e+00 -1.042846173127321663e+01 -1.042787521995748534e+01
1.000000000000000000e+00 1.000000000000000000e+00 1.000000000000000000e+00 1.000000000000000000e+00 1.000000000000000000e+00 1.000000000000000000e+00
-1.407945820038416951e+00 -1.375774308750115082e+00 -1.422093552690686824e+00 -1.375771000010204137e+00 -1.041281959763273868e+01 -1.019878100000000032e+01
-1.421967295731659586e+00 -1.375770999999999855e+00 -1.421948611512682925e+00 -1.421948611512682925e+00 -1.040540352389900214e+01 -1.040453398700092968e+01
-1.407971651556679804e+00 -1.375770999999984090e+00 -1.412673504242559108e+00 -1.407029590874447011e+00 -9.592999999999999972e+00 -1.039978662746759142e+01
-1.407454993563289847e+00 -1.252570000011038243e+00 -1.407485701244689968e+00 -1.421168490991530087e+00 -1.039981681846798978e+01 -1.019878100000000032e+01
1.000000000000000000e+00 1.000000000000000000e+00 1.000000000000000000e+00 1.000000000000000000e+00 1.000000000000000000e+00 1.000000000000000000e+00
-1.428571268139907868e+00 -1.428571116790177786e+00 -1.428571382378560628e+00 -1.428571268140484962e+00 -1.041820261833888850e+01 -1.042780270282710653e+01
-1.428567780408668497e+00 -1.428532937058999863e+00 -1.428553380781398152e+00 -1.428553367869042967e+00 -1.042645682386093675e+01 -1.042855529800061376e+01
-1.428570928526738060e+00 -1.428570389300592991e+00 -1.428570894661336910e+00 -1.428570905995064866e+00 -1.042857111677684934e+01 -1.042857017631275696e+01
-1.428569767179171057e+00 -1.428567964333315121e+00 -1.428567964335232254e+00 -1.428569726368289494e+00 -1.041380862416699316e+01 -1.042848167525920466e+01
1.000000000000000000e+00 1.000000000000000000e+00 1.000000000000000000e+00 1.000000000000000000e+00 1.000000000000000000e+00 1.000000000000000000e+00
-1.428570929006019563e+00 -1.428567964335276663e+00 -1.428567964335309304e+00 -1.428570385359596573e+00 -1.042847639996879217e+01 -1.042856427669210539e+01
-1.428379358437231961e+00 -1.428442795834551360e+00 -1.428442363071987797e+00 -1.428375305350002566e+00 -1.042001718314000591e+01 -1.042828391429339341e+01
-1.428565502358799311e+00 -1.428532937058999863e+00 -1.428552086926020426e+00 -1.428553367869042967e+00 -1.042855935705113168e+01 -1.042853516496831823e+01
-1.428571400497618216e+00 -1.428571116790177786e+00 -1.428571269647755937e+00 -1.428571256440947623e+00 -1.042857128116447640e+01 -1.041962549758922130e+01
1.000000000000000000e+00 1.000000000000000000e+00 1.000000000000000000e+00 1.000000000000000000e+00 1.000000000000000000e+00 1.000000000000000000e+00
-1.428570936388473100e+00 -1.428570389300592991e+00 -1.428571333920032327e+00 -1.428571115327147201e+00 -1.042658033746020685e+01 -1.042853039816951899e+01
-1.428143745099999862e+00 -1.428532939189854023e+00 -1.428532937041330886e+00 -1.428515043432085907e+00 -1.042844312353021152e+01 -1.042844224291208022e+01
-1.423819390000000018e+00 -1.428143744938586313e+00 -1.428378633080446880e+00 -1.427206904399161536e+00 -1.042714581699916998e+01 -1.041880435883000011e+01
-1.428143745099999862e+00 -1.428367877854754386e+00 -1.428532936480193305e+00 -1.428443123529410830e+00 -1.042844312270139184e+01 -1.042844311333561436e+01
1.000000000000000000e+00 1.000000000000000000e+00 1.000000000000000000e+00 1.000000000000000000e+00 1.000000000000000000e+00 1.000000000000000000e+00
-1.427145898238165289e+00 -1.412731299999999912e+00 -1.427145818658247745e+00 -1.423819802784468624e+00 -1.042381698825828984e+01 -1.042385725018584353e+01
-1.420580779748053857e+00 -1.252569999999999961e+00 -1.254128431753190887e+00 -1.375775617761197278e+00 -1.037569272290000022e+01 -1.037576864642569952e+01
-1.427145817008167228e+00 -1.412731299999999912e+00 -1.427145822027936273e+00 -1.423819246476242917e+00 -1.042381938275110542e+01 -1.042381253349670445e+01
5.089999999999999858e+00 -8.419340951000001683e-01 -8.418999999998412198e-01 5.269999999999878115e-01 -8.473000000000000753e+00 -8.473000012259300107e+00
1.000000000000000000e+00 1.000000000000000000e+00 1.000000000000000000e+00 1.000000000000000000e+00 1.000000000000000000e+00 1.000000000000000000e+00
-1.428571379505898964e+00 -1.428571334445134289e+00 -1.428571382378563959e+00 -1.428571335029743539e+00 -1.042856232736581923e+01 -9.592999999999999972e+00
-1.428565880038102698e+00 -1.428559755496463302e+00 -1.428553367869042967e+00 -1.428555197369870244e+00 -1.042848044631855053e+01 -1.042856263312279808e+01
-1.428571275287746634e+00 -1.428571116776966132e+00 -1.428571268140484962e+00 -1.428571116789965068e+00 -1.042764207702897394e+01 -1.042848256748620450e+01
-1.428566008847515612e+00 -1.428559881117700048e+00 -1.428567964127270162e+00 -1.428565859677027206e+00 -1.042665666438583294e+01 -1.042856712736306335e+01
1.000000000000000000e+00 1.000000000000000000e+00 1.000000000000000000e+00 1.000000000000000000e+00 1.000000000000000000e+00 1.000000000000000000e+00
-1.428565883947513937e+00 -1.428559881117700048e+00 -1.428567943533566531e+00 -1.428569987106319772e+00 -9.592999999999999972e+00 -1.042021228469195648e+01
-1.428379777616641366e+00 -1.428143745099999862e+00 -1.428370944015525890e+00 -1.428367356073359185e+00 -1.042835794037034525e+01 -9.592999999999999972e+00
-1.428565883530078073e+00 -1.428559881107806184e+00 -1.428567943445260058e+00 -1.428559881114802588e+00 -1.042841474362928622e+01 -1.042021033820727993e+01
-1.428571375701516821e+00 -1.428571335036916246e+00 -1.428571400509038636e+00 -1.428571335037045253e+00 -1.042782363076682195e+01 -1.042857084416366931e+01
1.000000000000000000e+00 1.000000000000000000e+00 1.000000000000000000e+00 1.000000000000000000e+00 1.000000000000000000e+00 1.000000000000000000e+00
-1.428571380339200836e+00 -1.428571116789989048e+00 -1.428571272272606718e+00 -1.428571116790030571e+00 -1.042856608746686398e+01 -1.042857127759089408e+01
-1.428515292336609566e+00 -1.428549897515492884e+00 -1.428515173771886859e+00 -1.428443123529999914e+00 -1.042853211982751205e+01 -1.042853209972631312e+01
-1.427145820799035292e+00 -1.428491110950996568e+00 -1.428388303783585611e+00 -1.428368641729995225e+00 -1.020377951000000039e+01 -9.592999999999999972e+00
-1.428443799975930517e+00 -1.428548631315131878e+00 -1.428521093645755968e+00 -1.428443123529999914e+00 -1.042838844819986477e+01 -1.041825013833488001e+01
1.000000000000000000e+00 1.000000000000000000e+00 1.000000000000000000e+00 1.000000000000000000e+00 1.000000000000000000e+00 1.000000000000000000e+00
-1.427947649538576558e+00 -1.427960014371310926e+00 -1.427862766736851086e+00 -1.423819390000002905e+00 -1.035228524210000067e+01 -1.035228524210000067e+01
-1.376237264675435279e+00 -8.419000000000000927e-01 -1.407485701244689968e+00 -1.421491835837392914e+00 -1.024598973596792462e+01 -1.024597430000015663e+01
-1.427960330703986314e+00 -1.423819390083814973e+00 -1.427170321138630849e+00 -1.423846704891735149e+00 -1.039934571389900242e+01 -1.041824873761926717e+01
5.269999999999999130e-01 -1.252569957108019993e+00 -8.418999999841101367e-01 5.148999999999999133e-01 -9.841899999975110447e+00 -9.841899997511001530e+00
1.000000000000000000e+00 1.000000000000000000e+00 1.000000000000000000e+00 1.000000000000000000e+00 1.000000000000000000e+00 1.000000000000000000e+00
-1.428569726368289494e+00 -1.428567964333377516e+00 -1.428569728815771711e+00 -1.428569726368289494e+00 -9.592999999999999972e+00 -1.042779059444982259e+01
-1.428553367869042967e+00 -1.428151172590740980e+00 -1.428554157956662962e+00 -1.428554170092757092e+00 -1.042849710925264084e+01 -1.042431714061926584e+01
-1.428513926900696118e+00 -1.428559696292811543e+00 -1.428513926900696118e+00 -1.428553752311687797e+00 -1.042003438132677040e+01 -9.592999999999999972e+00
-1.428571413792291134e+00 -1.428571400509215827e+00 -1.428571413792291134e+00 -1.428571414122491667e+00 -1.042857057660547326e+01 -1.042856307411883954e+01
1.000000000000000000e+00 1.000000000000000000e+00 1.000000000000000000e+00 1.000000000000000000e+00 1.000000000000000000e+00 1.000000000000000000e+00
-1.428571412510632577e+00 -1.428571400511065459e+00 -1.428571414102697057e+00 -1.428571414422995511e+00 -1.042797439137320836e+01 -1.042857130991781034e+01
-1.428570906379308170e+00 -1.428570376864205738e+00 -1.428570906383189065e+00 -1.428570918163059700e+00 -1.035982760956999904e+01 -1.042848246164368575e+01
-1.412731294267434601e+00 -1.423819374547143690e+00 -1.412731299999999912e+00 -1.412730726741536103e+00 -1.375770999999999855e+00 -1.041273129997860636e+01
-1.428443123530006797e+00 -1.428532938736399860e+00 -1.428443130864495814e+00 -1.428443123529999914e+00 -1.428143745099999862e+00 -1.042844312353000014e+01
1.000000000000000000e+00 1.000000000000000000e+00 1.000000000000000000e+00 1.000000000000000000e+00 1.000000000000000000e+00 1.000000000000000000e+00
-1.428383994971750948e+00 -1.428443123483403188e+00 -1.428143745102360418e+00 -1.428143769965535492e+00 -1.427145816999999983e+00 -1.042814374281704382e+01
-1.428571271761939210e+00 -1.428571116804769447e+00 -1.428571275265430707e+00 -1.428571285176553962e+00 -1.042853080239862074e+01 -1.042851369773446102e+01
-1.428569726368289494e+00 -1.428569530708105217e+00 -1.428569838311456452e+00 -1.428569801965332564e+00 -1.042019863628950738e+01 -1.042836817187524190e+01
-1.428571257929160510e+00 -1.428571116773003080e+00 -1.428571275701038035e+00 -1.428571257463410404e+00 -1.042857049314971363e+01 -1.039981681846798978e+01
1.000000000000000000e+00 1.000000000000000000e+00 1.000000000000000000e+00 1.000000000000000000e+00 1.000000000000000000e+00 1.000000000000000000e+00
-1.375770984117277607e+00 -1.252569999999999961e+00 -1.375769253106699841e+00 -1.375770999825310703e+00 -1.037577098405660969e+01 -1.412730620414502480e+00
-1.428143768785094414e+00 -1.427145816999999983e+00 -1.428146148916123348e+00 -1.428143745100000084e+00 -1.042814532290601015e+01 -1.428443123529999914e+00
5.089999999999999858e+00 5.269999999987898809e-01 5.089999999999998970e+00 5.089999999994226698e+00 -3.910000000000056986e+00 2.030000000000000071e+01
-1.427145897232525273e+00 -1.423819390000000018e+00 -1.427145817801417582e+00 -1.427145817801417582e+00 -1.042714581700612442e+01 -1.428141905122672695e+00
1.000000000000000000e+00 1.000000000000000000e+00 1.000000000000000000e+00 1.000000000000000000e+00 1.000000000000000000e+00 1.000000000000000000e+00
-1.428570917909295357e+00 -1.428570389300037435e+00 -1.428571278286577373e+00 -1.428570929436702164e+00 -1.042836824028076492e+01 -1.041837440395101488e+01
-1.428512598921964027e+00 -1.428443123529999914e+00 -1.428512685341149391e+00 -1.428552698215036942e+00 -1.042826102953242895e+01 -1.042846858501885521e+01
-1.428570382683776119e+00 -1.428567964335309970e+00 -1.428569724368943694e+00 -1.428569726368289494e+00 -1.042854657570542543e+01 -1.042633357335857802e+01
-1.428571384549270240e+00 -1.428571334981039831e+00 -1.428571334389281189e+00 -1.428571376051481989e+00 -1.042003881425901746e+01 -9.592999999999999972e+00
1.000000000000000000e+00 1.000000000000000000e+00 1.000000000000000000e+00 1.000000000000000000e+00 1.000000000000000000e+00 1.000000000000000000e+00
-1.428571384492115959e+00 -1.428571334978757879e+00 -1.428571334401885995e+00 -1.428571379325559887e+00 -1.041824873761926717e+01 -1.042021059063773158e+01
-1.428569504652585920e+00 -1.428566007913762093e+00 -1.428566334530749549e+00 -1.428569690830682859e+00 -1.019878100000000032e+01 -1.042854331299213122e+01
-1.428504587124136194e+00 -1.428443056241325726e+00 -1.428512352983843270e+00 -1.428512598921964027e+00 -1.040737947988859169e+01 -1.019878100000000032e+01
-1.428570905995064866e+00 -1.428570389300259258e+00 -1.428570826803620575e+00 -1.428570939884035607e+00 -9.592999999999999972e+00 -1.041785263555151886e+01
1.000000000000000000e+00 1.000000000000000000e+00 1.000000000000000000e+00 1.000000000000000000e+00 1.000000000000000000e+00 1.000000000000000000e+00
-1.428570917791332606e+00 -1.428567964335347495e+00 -1.428569802181994808e+00 -1.428570929203357043e+00 -1.042857033673928591e+01 -1.042016132850804411e+01
-1.428570907841434590e+00 -1.428570384426632645e+00 -1.428570906795700868e+00 -1.428570918523259348e+00 -1.042828235375967694e+01 -1.042836708823977965e+01
-1.428555588368393359e+00 -1.428565561806873108e+00 -1.428569289906894468e+00 -1.428555253726796481e+00 -9.592999999999999972e+00 -9.592999999999999972e+00
-1.428570905995064866e+00 -1.428570380156873432e+00 -1.428570383036700475e+00 -1.428570907462038075e+00 -1.040887100284441225e+01 -1.042829238773453859e+01
1.000000000000000000e+00 1.000000000000000000e+00 1.000000000000000000e+00 1.000000000000000000e+00 1.000000000000000000e+00 1.000000000000000000e+00
-1.406998734569000042e+00 -1.361322850040000088e+00 -1.407470338988989988e+00 -1.406998734569000042e+00 -9.592999999999999972e+00 -1.020483881000000004e+01
-1.421948611512682925e+00 -1.407460567686722896e+00 -1.426263479770250697e+00 -1.421948611512682925e+00 -9.592999999999999972e+00 -1.035525435704000152e+01
-1.406998734569000042e+00 -1.407015101693509962e+00 -1.407014579845700109e+00 -1.406998734569000042e+00 -1.019878100000000032e+01 -1.035376979957000110e+01
-1.406998734569000042e+00 -1.421526327904709897e+00 -1.407501051837199979e+00 -1.407485701244689968e+00 -1.040836642184986971e+01 -1.035376979957000110e+01
1.000000000000000000e+00 1.000000000000000000e+00 1.000000000000000000e+00 1.000000000000000000e+00 1.000000000000000000e+00 1.000000000000000000e+00
-1.428571268485216095e+00 -1.428571114993580249e+00 -1.428571278286775881e+00 -1.428571114784883411e+00 -1.042627337261945542e+01 -1.042857106375067744e+01
-1.428553767636170813e+00 -1.428551178542905031e+00 -1.428553381148830237e+00 -1.428532937059240782e+00 -1.042850780485128404e+01 -1.042847450182529379e+01
-1.428570918161993664e+00 -1.428570382278436579e+00 -1.428570905995064866e+00 -1.428570382572783570e+00 -9.592999999999999972e+00 -1.042021025066093110e+01
-1.428571278691016300e+00 -1.428571116789611573e+00 -1.428571275265430485e+00 -1.428571246053595978e+00 -1.041829577236007687e+01 -1.042857047775604684e+01
1.000000000000000000e+00 1.000000000000000000e+00 1.000000000000000000e+00 1.000000000000000000e+00 1.000000000000000000e+00 1.000000000000000000e+00
-1.428571281914831737e+00 -1.428571116790175566e+00 -1.428571334504726842e+00 -1.428571250343121601e+00 -1.042848559614419379e+01 -1.042828755136593699e+01
-1.428566246755245350e+00 -1.428559881103095730e+00 -1.428567946704074831e+00 -1.428565138276479018e+00 -1.019878100000000032e+01 -1.042791552150495349e+01
-1.428550968743781180e+00 -1.428521763802885536e+00 -1.428518776154307446e+00 -1.428504479770335900e+00 -1.042853371936561402e+01 -1.042001818730388685e+01
-1.428570917791332606e+00 -1.428570926483234471e+00 -1.428570905995064866e+00 -1.428570872302067141e+00 -9.592999999999999972e+00 -9.592999999999999972e+00
1.000000000000000000e+00 1.000000000000000000e+00 1.000000000000000000e+00 1.000000000000000000e+00 1.000000000000000000e+00 1.000000000000000000e+00
-1.428569764792614327e+00 -1.428569765202300168e+00 -1.428569938585244392e+00 -1.428569838306611661e+00 -1.039934571389900242e+01 -1.042020981661329593e+01
-1.428570917791332606e+00 -1.428567964335310192e+00 -1.428570905995064866e+00 -1.428570870758567368e+00 -1.042827756293843322e+01 -1.042789609408110962e+01
-1.428566009096463585e+00 -1.428532940318530287e+00 -1.428566009096463585e+00 -1.428566013160984083e+00 -1.042848090144218354e+01 -1.041841403888382622e+01
-1.428569726368289494e+00 -1.428567964335309970e+00 -1.428569726368289494e+00 -1.428570814529595001e+00 -9.592999999999999972e+00 -9.592999999999999972e+00
1.000000000000000000e+00 1.000000000000000000e+00 1.000000000000000000e+00 1.000000000000000000e+00 1.000000000000000000e+00 1.000000000000000000e+00
-1.407485701244689968e+00 -1.408397883001847095e+00 -1.407485701244689968e+00 -1.403927966429000085e+00 -9.592999999999999972e+00 -9.592999999999999972e+00
-1.421948611512682925e+00 -1.412819250938394333e+00 -1.421948611512682925e+00 -1.421953169104115844e+00 -1.019878100000000032e+01 -9.592999999999999972e+00
-1.421948611512682925e+00 -1.412630873317294533e+00 -1.407956805813679990e+00 -1.407500700273646821e+00 -9.592999999999999972e+00 -1.035376979957000110e+01
-1.359888277670000090e+00 -1.408396701738968027e+00 -1.406998734569000042e+00 -1.407485184563689984e+00 -1.020377951000000039e+01 -1.019878100000000032e+01
1.000000000000000000e+00 1.000000000000000000e+00 1.000000000000000000e+00 1.000000000000000000e+00 1.000000000000000000e+00 1.000000000000000000e+00
-1.428571380431311599e+00 -1.428571335037052803e+00 -1.428571375834543966e+00 -1.428571379319538481e+00 -1.042857053918966947e+01 -1.042856565540223812e+01
-1.428565883935796199e+00 -1.428559881114017216e+00 -1.428564677522056847e+00 -1.428565883935796199e+00 -1.042019581618728630e+01 -1.042782711630619730e+01
-1.428571275193742496e+00 -1.428571116790177786e+00 -1.428571265444885219e+00 -1.428571334437602314e+00 -1.042857049377573020e+01 -1.042857084694304959e+01
-1.428570918835428749e+00 -1.428570383112468978e+00 -1.428570389179365741e+00 -1.428571111081781142e+00 -1.042021035025710773e+01 -1.042857093575405258e+01
1.000000000000000000e+00 1.000000000000000000e+00 1.000000000000000000e+00 1.000000000000000000e+00 1.000000000000000000e+00 1.000000000000000000e+00
-1.428569892313035439e+00 -1.428570383445604497e+00 -1.428570377314190454e+00 -1.428570906380071115e+00 -1.042857035760230389e+01 -1.042848356048992819e+01
-1.428384126712365809e+00 -1.428508684347414626e+00 -1.428388539798817192e+00 -1.428379801048742959e+00 -1.041841670498420847e+01 -1.041824873761926717e+01
-1.428565883935796199e+00 -1.428559881117700048e+00 -1.428566005634055669e+00 -1.428566013164847881e+00 -1.042855979622676799e+01 -1.042808940789188021e+01
-1.428571381506452465e+00 -1.428571335037053025e+00 -1.428571412437511512e+00 -1.428571400151342541e+00 -1.042854950743644515e+01 -1.042857137642562648e+01
1.000000000000000000e+00 1.000000000000000000e+00 1.000000000000000000e+00 1.000000000000000000e+00 1.000000000000000000e+00 1.000000000000000000e+00
-1.428571271761939210e+00 -1.428571116790174900e+00 -1.428571278593361749e+00 -1.428571268140484962e+00 -9.592999999999999972e+00 -1.042850746323280475e+01
-1.428143745348655180e+00 -1.428443123530007020e+00 -1.428443177921842278e+00 -1.428146105659487297e+00 -1.427145816999999983e+00 -1.042814595129217992e+01
-1.423819798673719106e+00 -1.427153816698097044e+00 -1.427145817000120775e+00 -1.423849899590633017e+00 -1.412731299999999912e+00 -1.042381855918061007e+01
-1.428393108707134207e+00 -1.428443123529999470e+00 -1.428443123529994363e+00 -1.428146105659487297e+00 -1.427145816999999983e+00 -1.042814374509999098e+01
1.000000000000000000e+00 1.000000000000000000e+00 1.000000000000000000e+00 1.000000000000000000e+00 1.000000000000000000e+00 1.000000000000000000e+00
-1.427145820312685887e+00 -1.423819390000000018e+00 -1.428148592810205564e+00 -1.427145817008642403e+00 -1.042714581482691472e+01 -1.428143766741287513e+00
-1.426538223734393540e+00 -1.375770999999999855e+00 -1.377157107057593644e+00 -1.412731313806923739e+00 -1.040453398700000243e+01 -1.423859732830624836e+00
-1.427145817000000649e+00 -1.423819390000000018e+00 -1.428143745962954680e+00 -1.427141059596540584e+00 -1.042714581699347143e+01 -1.428143745100023398e+00
5.089999959099999138e+00 5.269999999999999130e-01 5.269999999999999130e-01 5.089999999999999858e+00 -3.909999999999951292e+00 2.030000000000000071e+01
1.000000000000000000e+00 1.000000000000000000e+00 1.000000000000000000e+00 1.000000000000000000e+00 1.000000000000000000e+00 1.000000000000000000e+00
-1.428571379502904026e+00 -1.428571379586488055e+00 -1.428571413450972827e+00 -1.428571381507369509e+00 -1.042840773473541205e+01 -1.042856377986486116e+01
-1.428566123009725519e+00 -1.428565138962105685e+00 -1.428565884068730307e+00 -1.428565887771259479e+00 -9.592999999999999972e+00 -1.019878100000000032e+01
-1.428571384527848931e+00 -1.428571296425242609e+00 -1.428571379319129031e+00 -1.428571330976507570e+00 -1.042857127185140520e+01 -1.042759545366869567e+01
-1.428569764792614327e+00 -1.428567964335309970e+00 -1.428569726368289494e+00 -1.428569724246453676e+00 -1.042775851460605452e+01 -1.041961185335019735e+01
1.000000000000000000e+00 1.000000000000000000e+00 1.000000000000000000e+00 1.000000000000000000e+00 1.000000000000000000e+00 1.000000000000000000e+00
-1.428570377314127393e+00 -1.428567964141997493e+00 -1.428569726368289494e+00 -1.428569886890173501e+00 -1.042834863012315338e+01 -1.042855652764212060e+01
-1.428512598921964027e+00 -1.428442491244397150e+00 -1.428512598921964027e+00 -1.428504518897759423e+00 -1.040540352389900214e+01 -1.042822225805046799e+01
-1.428569799583098376e+00 -1.428567964244580768e+00 -1.428569726368289494e+00 -1.428567964333658624e+00 -9.592999999999999972e+00 -1.042839121036663919e+01
-1.428571413462090378e+00 -1.428571400510784795e+00 -1.428571413450972827e+00 -1.428571400509421885e+00 -1.042021566771330043e+01 -1.042021417545160489e+01
1.000000000000000000e+00 1.000000000000000000e+00 1.000000000000000000e+00 1.000000000000000000e+00 1.000000000000000000e+00 1.000000000000000000e+00
-1.428571382497849207e+00 -1.428571290809540928e+00 -1.428571379319129031e+00 -1.428571334528591308e+00 -1.042847132682241451e+01 -1.042857137644594445e+01
-1.428511832814802096e+00 -1.428516239454720838e+00 -1.428512598921964027e+00 -1.428143745100001194e+00 -1.042830036286456874e+01 -1.042846773530670035e+01
-1.427154360990283033e+00 -1.428379394214335907e+00 -1.427158036010668374e+00 -1.423819390000000018e+00 -9.592999999999999972e+00 -1.042707454789372790e+01
-1.428510577293089501e+00 -1.428510253040667699e+00 -1.428443844410927754e+00 -1.428143745099999862e+00 -1.041958825310151582e+01 -1.039934571389900242e+01
1.000000000000000000e+00 1.000000000000000000e+00 1.000000000000000000e+00 1.000000000000000000e+00 1.000000000000000000e+00 1.000000000000000000e+00
-1.428379801048742959e+00 -1.427145900701977776e+00 -1.428379801048742959e+00 -1.427974956056756062e+00 -1.019878100000000032e+01 -1.020377951000000039e+01
-1.421948611512682925e+00 -1.252570309751043665e+00 -1.421948611512682925e+00 -1.421948611512682925e+00 -9.592999999999999972e+00 -9.592999999999999972e+00
-1.427905619225307676e+00 -1.427909632641689353e+00 -1.427947234686458788e+00 -1.427145817007283712e+00 -9.592999999999999972e+00 -1.041380862416699316e+01
5.270000000472999657e-01 -8.234810298249716221e-01 5.270000000004728680e-01 5.089999999999999858e+00 -8.472999999999904830e+00 -8.472999999990527442e+00
